ID,replacement rate,Null befor,Null after,Null difference
1,0.47,211,210,1
2,0.34,295,294,1
3,0.46,217,216,1
4,2.46,122,119,3
5,1.06,94,93,1
6,2.24,223,218,5
7,0.0,52,52,0
8,0.0,372,372,0
9,0.0,184,184,0
10,1.2,332,328,4
11,0.0,69,69,0
12,1.12,178,176,2
13,42.68,239,137,102
14,0.97,310,307,3
15,0.0,59,59,0
16,0.0,215,215,0
17,0.45,222,221,1
18,0.93,108,107,1
19,2.53,198,193,5
20,0.0,183,183,0
21,0.42,238,237,1
22,0.44,227,226,1
23,0.0,68,68,0
24,5.88,85,80,5
25,0.0,119,119,0
26,0.0,189,189,0
27,0.86,232,230,2
28,0.8,251,249,2
29,0.48,209,208,1
30,0.41,245,244,1
31,0.72,139,138,1
32,2.05,390,382,8
33,0.6,333,331,2
34,95.38,65,3,62
35,1.37,146,144,2
36,3.3,212,205,7
37,91.43,140,12,128
38,2.56,117,114,3
39,0.57,176,175,1
40,1.92,208,204,4
41,0.82,122,121,1
42,1.24,242,239,3
43,0.0,342,342,0
44,1.15,347,343,4
45,7.35,245,227,18
46,0.0,197,197,0
47,0.0,228,228,0
48,0.47,213,212,1
49,0.82,364,361,3
50,0.6,333,331,2
51,0.0,153,153,0
52,1.32,151,149,2
53,0.0,230,230,0
54,0.81,247,245,2
55,0.0,288,288,0
56,35.0,40,26,14
57,0.72,139,138,1
58,0.62,160,159,1
59,0.65,308,306,2
60,1.75,285,280,5
61,2.81,285,277,8
62,1.56,257,253,4
63,0.3,331,330,1
64,0.0,26,26,0
65,0.69,289,287,2
66,0.73,275,273,2
67,0.0,153,153,0
68,0.0,135,135,0
69,1.71,175,172,3
70,0.95,210,208,2
71,0.45,222,221,1
72,1.03,291,288,3
73,0.0,299,299,0
74,0.0,159,159,0
75,0.53,187,186,1
76,1.03,195,193,2
77,1.09,183,181,2
78,0.66,152,151,1
79,0.98,205,203,2
80,1.09,183,181,2
81,0.98,204,202,2
83,0.0,23,23,0
84,0.0,23,23,0
85,4.44,45,43,2
86,5.19,77,73,4
87,0.0,45,45,0
88,91.89,37,3,34
89,0.0,68,68,0
90,0.0,53,53,0
91,4.03,124,119,5
92,0.0,234,234,0
93,0.96,312,309,3
94,2.07,145,142,3
95,0.0,144,144,0
96,0.0,143,143,0
97,1.21,165,163,2
98,0.0,197,197,0
99,1.16,172,170,2
100,4.71,191,182,9
101,0.76,132,131,1
102,1.65,182,179,3
103,1.4,143,141,2
104,0.53,380,378,2
105,0.4,251,250,1
106,0.0,116,116,0
107,1.26,159,157,2
108,0.0,123,123,0
109,0.65,154,153,1
110,0.0,172,172,0
111,0.0,182,182,0
112,0.0,144,144,0
113,88.81,134,15,119
114,0.0,153,153,0
115,0.0,300,300,0
116,0.59,169,168,1
117,1.66,181,178,3
118,3.29,152,147,5
119,0.0,139,139,0
120,0.5,200,199,1
121,1.1,182,180,2
122,0.55,182,181,1
123,0.51,195,194,1
124,0.0,166,166,0
125,1.74,172,169,3
126,0.0,80,80,0
127,0.57,176,175,1
128,0.0,145,145,0
129,3.94,127,122,5
130,1.6,188,185,3
131,0.65,154,153,1
132,7.65,196,181,15
133,1.31,153,151,2
134,1.19,168,166,2
135,0.0,159,159,0
136,0.0,130,130,0
137,1.96,51,50,1
138,1.45,138,136,2
139,3.08,195,189,6
140,0.47,212,211,1
141,2.67,150,146,4
142,0.0,183,183,0
143,1.17,171,169,2
144,92.07,164,13,151
145,1.17,171,169,2
146,92.07,164,13,151
147,0.0,191,191,0
148,1.02,98,97,1
149,1.16,172,170,2
150,12.28,228,200,28
151,3.69,217,209,8
152,2.48,161,157,4
153,0.0,176,176,0
154,0.55,182,181,1
155,1.59,189,186,3
156,0.0,176,176,0
157,0.56,177,176,1
158,1.91,209,205,4
159,0.0,78,78,0
160,1.16,173,171,2
161,0.0,179,179,0
162,1.97,203,199,4
163,0.0,213,213,0
164,1.34,149,147,2
165,0.57,176,175,1
166,0.0,209,209,0
167,0.0,175,175,0
168,0.0,163,163,0
169,0.0,226,226,0
170,88.24,51,6,45
171,1.01,199,197,2
172,0.62,161,160,1
173,1.65,182,179,3
174,0.43,234,233,1
175,1.68,238,234,4
176,2.29,218,213,5
177,0.0,152,152,0
178,0.0,165,165,0
179,7.51,173,160,13
180,2.05,146,143,3
181,3.77,53,51,2
182,0.0,201,201,0
183,0.0,213,213,0
184,2.05,146,143,3
185,0.0,188,188,0
186,0.44,227,226,1
187,1.74,172,169,3
188,1.12,179,177,2
189,0.0,228,228,0
190,0.0,228,228,0
191,4.59,196,187,9
192,0.0,69,69,0
193,0.54,185,184,1
194,1.03,195,193,2
195,3.07,228,221,7
196,9.69,227,205,22
197,1.37,146,144,2
198,0.38,260,259,1
199,1.62,185,182,3
200,0.0,190,190,0
201,1.16,259,256,3
202,0.83,242,240,2
203,0.0,359,359,0
204,0.0,69,69,0
205,0.0,266,266,0
206,1.89,318,312,6
207,1.65,243,239,4
208,2.09,239,234,5
209,0.0,171,171,0
210,1.69,177,174,3
211,0.52,191,190,1
212,1.49,201,198,3
213,3.61,249,240,9
214,1.08,186,184,2
215,0.0,43,43,0
216,0.38,263,262,1
217,0.0,174,174,0
218,3.12,224,217,7
219,0.0,228,228,0
220,0.0,181,181,0
221,0.43,233,232,1
222,0.0,208,208,0
223,1.11,180,178,2
224,0.84,237,235,2
225,0.0,246,246,0
226,0.0,81,81,0
227,9.4,234,212,22
228,0.48,209,208,1
229,0.46,218,217,1
230,1.33,226,223,3
231,0.67,298,296,2
232,0.88,228,226,2
233,0.0,234,234,0
234,0.84,237,235,2
235,0.48,209,208,1
236,5.18,309,293,16
237,1.43,280,276,4
238,0.4,252,251,1
239,0.0,255,255,0
240,1.46,274,270,4
241,0.38,262,261,1
242,1.46,206,203,3
243,0.34,292,291,1
244,0.0,228,228,0
245,0.53,190,189,1
246,0.6,168,167,1
247,1.2,83,82,1
248,0.0,204,204,0
249,1.61,248,244,4
250,1.22,328,324,4
251,0.42,240,239,1
252,0.78,255,253,2
253,1.57,254,250,4
254,0.0,279,279,0
255,0.46,216,215,1
256,0.0,286,286,0
257,0.94,212,210,2
258,1.12,89,88,1
259,0.53,187,186,1
260,1.03,290,287,3
261,0.0,243,243,0
262,0.0,193,193,0
263,0.0,219,219,0
264,0.79,253,251,2
265,2.01,249,244,5
266,0.0,265,265,0
267,0.36,279,278,1
268,2.39,251,245,6
269,0.0,67,67,0
270,0.45,224,223,1
271,0.75,268,266,2
272,0.47,211,210,1
273,1.92,208,204,4
274,1.71,293,288,5
275,0.0,208,208,0
276,0.0,239,239,0
277,1.03,290,287,3
278,0.92,218,216,2
279,1.49,201,198,3
280,0.0,84,84,0
281,1.24,241,238,3
282,1.74,230,226,4
283,0.0,204,204,0
284,0.0,194,194,0
285,0.45,222,221,1
286,0.48,210,209,1
287,0.0,264,264,0
288,0.84,238,236,2
289,0.86,233,231,2
290,0.78,256,254,2
291,0.0,70,70,0
292,0.66,305,303,2
293,1.75,286,281,5
294,1.23,325,321,4
295,0.0,262,262,0
296,0.38,265,264,1
297,0.0,206,206,0
298,2.04,245,240,5
299,4.29,210,201,9
300,1.31,229,226,3
301,1.42,212,209,3
302,4.35,69,66,3
303,0.43,232,231,1
304,0.0,216,216,0
305,1.71,292,287,5
306,0.0,315,315,0
307,0.0,260,260,0
308,1.33,225,222,3
309,1.82,275,270,5
310,0.0,267,267,0
311,1.77,226,222,4
312,0.65,309,307,2
313,3.64,55,53,2
314,1.28,78,77,1
315,2.17,230,225,5
316,0.0,184,184,0
317,1.31,305,301,4
318,0.0,231,231,0
319,0.96,313,310,3
320,2.1,286,280,6
321,1.0,201,199,2
322,0.0,301,301,0
323,1.72,291,286,5
324,0.0,250,250,0
325,0.0,94,94,0
326,2.01,348,341,7
327,0.0,258,258,0
328,1.59,252,248,4
329,1.68,238,234,4
330,1.39,288,284,4
331,0.32,309,308,1
332,0.0,279,279,0
333,1.27,236,233,3
334,2.17,277,271,6
335,0.0,324,324,0
336,2.54,118,115,3
337,8.94,235,214,21
338,1.11,270,267,3
339,1.13,265,262,3
340,0.43,232,231,1
341,0.78,255,253,2
342,0.0,259,259,0
343,1.2,249,246,3
344,0.36,275,274,1
345,1.33,301,297,4
346,0.0,194,194,0
347,2.2,91,89,2
348,1.2,249,246,3
349,1.26,238,235,3
350,0.52,193,192,1
351,0.96,311,308,3
352,1.53,261,257,4
353,0.78,256,254,2
354,0.73,275,273,2
355,1.19,253,250,3
356,0.0,306,306,0
357,1.88,320,314,6
358,0.0,113,113,0
359,1.37,293,289,4
360,0.98,205,203,2
361,0.0,352,352,0
362,0.37,273,272,1
363,1.98,303,297,6
364,0.36,280,279,1
365,0.0,231,231,0
366,0.79,254,252,2
367,0.84,239,237,2
368,1.09,276,273,3
369,1.02,98,97,1
370,0.32,313,312,1
371,2.33,257,251,6
372,0.0,333,333,0
373,1.66,301,296,5
374,0.47,211,210,1
375,0.0,217,217,0
376,1.11,270,267,3
377,1.4,286,282,4
378,1.37,291,287,4
379,0.0,341,341,0
380,0.0,77,77,0
381,0.36,279,278,1
382,0.61,326,324,2
383,0.32,315,314,1
384,0.66,304,302,2
385,3.21,343,332,11
386,0.36,281,280,1
387,0.42,239,238,1
388,1.36,295,291,4
389,0.0,194,194,0
390,0.81,247,245,2
391,0.0,77,77,0
392,0.0,280,280,0
393,0.64,313,311,2
394,0.0,229,229,0
395,0.66,302,300,2
396,0.0,247,247,0
397,0.66,304,302,2
398,0.31,318,317,1
399,0.41,244,243,1
400,0.33,307,306,1
401,0.77,259,257,2
402,0.0,100,100,0
403,0.0,388,388,0
404,0.72,279,277,2
405,1.0,301,298,3
406,0.81,247,245,2
407,0.58,344,342,2
408,3.67,354,341,13
409,0.0,332,332,0
410,1.24,241,238,3
411,0.0,267,267,0
412,1.97,254,249,5
413,3.2,125,121,4
414,0.0,314,314,0
415,1.41,284,280,4
416,0.0,271,271,0
417,1.06,283,280,3
418,0.58,346,344,2
419,0.34,296,295,1
420,0.63,317,315,2
421,0.0,284,284,0
422,1.3,307,303,4
423,0.76,262,260,2
424,3.77,53,51,2
425,0.0,107,107,0
426,0.0,308,308,0
427,0.75,266,264,2
428,0.72,278,276,2
429,0.0,330,330,0
430,0.4,252,251,1
431,0.0,251,251,0
432,0.0,340,340,0
433,0.0,340,340,0
434,0.52,193,192,1
435,0.4,253,252,1
436,1.03,97,96,1
437,0.87,344,341,3
438,0.66,304,302,2
439,0.0,276,276,0
440,0.62,323,321,2
441,0.39,257,256,1
442,1.1,273,270,3
443,0.39,257,256,1
444,1.1,273,270,3
445,0.0,296,296,0
446,0.39,256,255,1
447,0.0,132,132,0
448,0.56,358,356,2
449,0.69,290,288,2
450,3.16,348,337,11
451,1.14,263,260,3
452,2.5,320,312,8
453,0.43,231,230,1
454,1.48,338,333,5
455,1.57,382,376,6
456,0.0,349,349,0
457,0.39,257,256,1
458,1.09,92,91,1
459,0.0,296,296,0
460,0.55,364,362,2
461,0.63,316,314,2
462,0.0,318,318,0
463,0.31,323,322,1
464,0.65,307,305,2
465,1.85,271,266,5
466,0.33,301,300,1
467,1.66,302,297,5
468,0.93,322,319,3
469,1.09,92,91,1
470,1.06,282,279,3
471,0.0,61,61,0
472,1.94,103,101,2
473,0.0,143,143,0
474,0.87,115,114,1
475,0.0,117,117,0
476,0.0,31,31,0
477,10.96,146,130,16
478,10.96,146,130,16
479,1.72,116,114,2
480,0.93,108,107,1
481,1.89,106,104,2
482,84.04,94,15,79
483,84.04,94,15,79
484,0.0,147,147,0
485,0.0,81,81,0
486,0.87,115,114,1
487,10.34,58,52,6
488,3.87,155,149,6
489,91.82,110,9,101
490,0.0,144,144,0
491,0.84,119,118,1
492,0.0,137,137,0
493,0.0,116,116,0
494,4.27,117,112,5
495,11.54,104,92,12
496,5.26,114,108,6
497,0.0,113,113,0
498,0.0,39,39,0
499,1.67,120,118,2
500,0.0,105,105,0
501,0.0,123,123,0
502,0.75,133,132,1
503,0.0,155,155,0
504,0.76,132,131,1
505,0.72,139,138,1
506,2.14,140,137,3
507,0.83,121,120,1
508,0.83,121,120,1
509,46.82,173,92,81
510,0.91,110,109,1
511,0.0,154,154,0
512,0.0,154,154,0
513,0.7,142,141,1
514,1.2,166,164,2
515,46.85,143,76,67
516,46.85,143,76,67
517,1.74,115,113,2
518,0.0,150,150,0
519,0.0,150,150,0
520,0.69,289,287,2
521,2.89,173,168,5
522,3.14,159,154,5
523,0.0,141,141,0
524,9.09,132,120,12
525,6.82,132,123,9
526,0.67,150,149,1
527,0.94,106,105,1
528,0.74,135,134,1
529,1.99,151,148,3
530,1.99,151,148,3
531,26.09,23,17,6
532,0.0,53,53,0
533,0.0,36,36,0
534,0.0,64,64,0
535,40.68,59,35,24
536,0.0,21,21,0
537,0.0,20,20,0
538,0.0,34,34,0
539,0.0,30,30,0
540,0.0,32,32,0
541,3.57,28,27,1
542,3.57,28,27,1
543,5.0,60,57,3
544,46.15,104,56,48
545,1.94,155,152,3
546,3.2,281,272,9
547,0.0,119,119,0
548,1.77,226,222,4
549,0.62,161,160,1
550,0.62,161,160,1
551,1.3,154,152,2
552,0.0,139,139,0
553,0.0,141,141,0
554,0.0,87,87,0
555,0.0,158,158,0
556,0.0,106,106,0
557,1.54,259,255,4
558,1.69,177,174,3
559,0.0,158,158,0
560,1.76,170,167,3
561,0.0,145,145,0
562,0.65,154,153,1
563,0.0,163,163,0
564,2.05,146,143,3
565,3.16,190,184,6
566,2.45,204,199,5
567,0.56,179,178,1
568,1.56,257,253,4
569,0.0,127,127,0
570,0.69,144,143,1
571,0.0,142,142,0
572,3.14,191,185,6
573,98.08,156,3,153
574,0.0,173,173,0
575,0.51,196,195,1
576,0.0,164,164,0
577,0.64,157,156,1
578,0.0,131,131,0
579,1.36,295,291,4
580,0.0,180,180,0
581,0.0,180,180,0
582,2.63,190,185,5
583,0.0,153,153,0
584,0.0,122,122,0
585,0.0,124,124,0
586,0.0,162,162,0
587,0.66,152,151,1
588,0.92,217,215,2
589,0.0,178,178,0
590,1.06,282,279,3
591,97.46,118,3,115
592,0.0,223,223,0
593,1.09,184,182,2
594,0.0,179,179,0
595,1.03,194,192,2
596,0.87,230,228,2
597,3.09,162,157,5
598,1.06,188,186,2
599,1.22,164,162,2
600,0.55,183,182,1
601,5.36,56,53,3
602,0.9,223,221,2
603,0.56,179,178,1
604,0.61,164,163,1
605,0.0,131,131,0
606,0.98,204,202,2
607,0.0,151,151,0
608,0.0,215,215,0
609,1.33,225,222,3
610,0.65,154,153,1
611,2.01,199,195,4
612,2.0,50,49,1
613,2.26,221,216,5
614,1.85,216,212,4
615,0.0,201,201,0
616,0.0,170,170,0
617,0.5,199,198,1
618,0.54,184,183,1
619,3.0,200,194,6
620,0.0,164,164,0
621,0.54,186,185,1
622,0.59,169,168,1
623,0.0,69,69,0
624,1.86,161,158,3
625,0.0,165,165,0
626,3.39,177,171,6
627,0.0,196,196,0
628,0.33,299,298,1
629,5.73,157,148,9
630,0.0,183,183,0
631,0.46,218,217,1
632,0.0,208,208,0
633,0.0,166,166,0
634,90.91,66,6,60
635,0.53,189,188,1
636,0.0,178,178,0
637,0.41,242,241,1
638,0.45,221,220,1
639,0.0,224,224,0
640,0.0,210,210,0
641,0.0,186,186,0
642,0.0,224,224,0
643,0.71,283,281,2
644,0.0,219,219,0
645,0.0,69,69,0
646,0.0,255,255,0
647,1.08,279,276,3
648,2.04,196,192,4
649,0.0,197,197,0
650,0.0,231,231,0
651,3.96,202,194,8
652,1.27,237,234,3
653,0.49,206,205,1
654,2.2,227,222,5
655,0.0,209,209,0
656,1.44,209,206,3
657,84.75,59,9,50
658,2.96,169,164,5
659,0.81,246,244,2
660,2.29,175,171,4
661,0.0,195,195,0
662,0.48,208,207,1
663,0.0,153,153,0
664,0.0,213,213,0
665,1.67,240,236,4
666,0.47,211,210,1
667,0.92,218,216,2
668,0.0,66,66,0
669,0.0,223,223,0
670,0.0,230,230,0
671,0.69,289,287,2
672,0.44,228,227,1
673,0.0,219,219,0
674,0.44,226,225,1
675,2.11,285,279,6
676,0.55,183,182,1
677,0.95,211,209,2
678,1.03,194,192,2
679,1.75,57,56,1
680,1.28,235,232,3
681,2.75,218,212,6
682,0.0,188,188,0
683,0.38,265,264,1
684,1.56,192,189,3
685,0.76,262,260,2
686,0.0,218,218,0
687,1.12,269,266,3
688,0.0,186,186,0
689,0.41,243,242,1
690,95.31,64,3,61
691,0.54,185,184,1
692,1.48,270,266,4
693,0.0,211,211,0
694,1.5,200,197,3
695,0.0,190,190,0
696,2.22,225,220,5
697,0.39,257,256,1
698,1.87,268,263,5
699,0.0,238,238,0
700,0.76,263,261,2
701,0.0,84,84,0
702,0.0,261,261,0
703,0.41,241,240,1
704,0.0,231,231,0
705,0.0,238,238,0
706,0.0,225,225,0
707,1.66,181,178,3
708,0.0,198,198,0
709,0.82,243,241,2
710,2.43,206,201,5
711,0.86,232,230,2
712,0.0,84,84,0
713,0.0,194,194,0
714,0.0,223,223,0
715,0.84,239,237,2
716,0.69,289,287,2
717,0.68,292,290,2
718,1.15,260,257,3
719,0.0,267,267,0
720,0.0,278,278,0
721,0.41,244,243,1
722,1.23,244,241,3
723,0.0,60,60,0
724,0.43,231,230,1
725,0.5,199,198,1
726,1.01,199,197,2
727,0.0,261,261,0
728,0.76,264,262,2
729,2.66,263,256,7
730,0.0,315,315,0
731,0.0,221,221,0
732,0.0,297,297,0
733,0.8,250,248,2
734,0.0,71,71,0
735,1.15,174,172,2
736,0.0,252,252,0
737,1.13,177,175,2
738,0.37,272,271,1
739,1.3,230,227,3
740,0.46,217,216,1
741,1.67,300,295,5
742,0.9,222,220,2
743,0.0,307,307,0
744,0.79,253,251,2
745,0.0,70,70,0
746,0.79,253,251,2
747,0.0,184,184,0
748,0.0,246,246,0
749,0.52,191,190,1
750,1.01,297,294,3
751,0.7,287,285,2
752,11.15,269,239,30
753,4.66,279,266,13
754,2.09,287,281,6
755,0.4,253,252,1
756,2.86,70,68,2
757,0.76,263,261,2
758,1.54,259,255,4
759,0.0,206,206,0
760,1.3,230,227,3
761,0.33,302,301,1
762,0.0,261,261,0
763,0.4,249,248,1
764,0.0,228,228,0
765,2.18,275,269,6
766,0.0,286,286,0
767,0.0,155,155,0
768,0.0,81,81,0
769,1.52,263,259,4
770,0.0,288,288,0
771,0.8,251,249,2
772,0.0,245,245,0
773,1.4,214,211,3
774,1.16,259,256,3
775,0.0,238,238,0
776,0.37,273,272,1
777,0.75,267,265,2
778,0.0,248,248,0
779,12.31,65,57,8
780,0.43,234,233,1
781,1.09,184,182,2
782,0.6,331,329,2
783,36.31,314,200,114
784,0.0,194,194,0
785,1.46,274,270,4
786,13.02,338,294,44
787,0.0,233,233,0
788,0.45,222,221,1
789,0.0,297,297,0
790,0.0,93,93,0
791,1.02,196,194,2
792,0.4,250,249,1
793,0.35,288,287,1
794,8.33,240,220,20
795,0.94,213,211,2
796,0.0,328,328,0
797,1.56,257,253,4
798,0.45,221,220,1
799,0.39,258,257,1
800,0.0,332,332,0
801,0.0,90,90,0
802,3.1,258,250,8
803,0.0,257,257,0
804,0.0,275,275,0
805,0.87,231,229,2
806,0.0,217,217,0
807,1.06,282,279,3
808,0.34,298,297,1
809,0.83,242,240,2
810,1.76,284,279,5
811,0.37,269,268,1
812,3.45,87,84,3
813,0.0,356,356,0
814,1.12,268,265,3
815,1.76,284,279,5
816,0.64,312,310,2
817,2.85,281,273,8
818,0.0,293,293,0
819,0.37,272,271,1
820,0.92,217,215,2
821,0.73,274,272,2
822,0.7,284,282,2
823,1.8,111,109,2
824,1.85,325,319,6
825,0.93,215,213,2
826,2.33,257,251,6
827,0.92,326,323,3
828,0.37,269,268,1
829,0.76,264,262,2
830,1.68,297,292,5
831,1.36,295,291,4
832,0.36,278,277,1
833,1.01,298,295,3
834,0.0,93,93,0
835,0.0,249,249,0
836,0.76,263,261,2
837,1.19,252,249,3
838,1.27,316,312,4
839,0.0,228,228,0
840,1.35,222,219,3
841,2.68,261,254,7
842,0.0,334,334,0
843,2.65,226,220,6
844,0.35,283,282,1
845,0.0,93,93,0
846,0.0,276,276,0
847,1.05,287,284,3
848,0.0,298,298,0
849,0.0,285,285,0
850,0.0,306,306,0
851,1.48,337,332,5
852,1.99,302,296,6
853,0.0,256,256,0
854,0.32,314,313,1
855,0.93,214,212,2
856,2.47,81,79,2
857,0.79,254,252,2
858,1.36,294,290,4
859,0.0,279,279,0
860,0.84,239,237,2
861,0.37,272,271,1
862,1.23,243,240,3
863,1.1,273,270,3
864,0.0,331,331,0
865,2.33,258,252,6
866,0.66,304,302,2
867,95.65,69,3,66
868,0.0,320,320,0
869,0.76,263,261,2
870,0.35,286,285,1
871,3.04,329,319,10
872,1.58,380,374,6
873,0.92,326,323,3
874,0.0,278,278,0
875,0.62,322,320,2
876,0.0,271,271,0
877,0.93,215,213,2
878,0.0,131,131,0
879,2.73,110,107,3
880,0.0,326,326,0
881,1.47,272,268,4
882,1.54,325,320,5
883,0.4,250,249,1
884,1.04,288,285,3
885,0.0,304,304,0
886,0.43,232,231,1
887,0.0,332,332,0
888,1.06,283,280,3
889,0.95,211,209,2
890,0.0,100,100,0
891,1.64,304,299,5
892,0.92,326,323,3
893,0.36,276,275,1
894,0.0,240,240,0
895,0.0,203,203,0
896,1.16,259,256,3
897,1.79,279,274,5
898,1.01,298,295,3
899,3.97,353,339,14
900,0.0,274,274,0
901,1.6,125,123,2
902,1.97,305,299,6
903,0.31,319,318,1
904,2.32,345,337,8
905,0.0,261,261,0
906,0.92,326,323,3
907,0.63,318,316,2
908,0.0,285,285,0
909,0.63,319,317,2
910,0.73,274,272,2
911,2.93,341,331,10
912,47.27,110,58,52
913,0.63,317,315,2
914,0.0,295,295,0
915,0.0,226,226,0
916,1.28,312,308,4
917,0.0,196,196,0
918,0.36,278,277,1
919,0.31,325,324,1
920,1.01,297,294,3
921,0.0,330,330,0
922,0.0,271,271,0
923,0.0,108,108,0
924,1.41,354,349,5
925,1.28,312,308,4
926,0.0,274,274,0
927,1.5,333,328,5
928,2.46,244,238,6
929,2.27,352,344,8
930,0.25,395,394,1
931,0.0,279,279,0
932,1.09,276,273,3
933,0.51,393,391,2
934,0.0,112,112,0
935,0.63,319,317,2
936,1.33,301,297,4
937,2.15,372,364,8
938,1.16,259,256,3
939,0.5,400,398,2
940,0.0,247,247,0
941,0.94,319,316,3
942,1.27,315,311,4
943,0.0,355,355,0
944,0.95,420,416,4
945,0.0,99,99,0
946,0.31,325,324,1
947,2.15,233,228,5
948,0.56,354,352,2
949,0.71,283,281,2
950,0.32,314,313,1
951,1.01,296,293,3
952,1.34,298,294,4
953,0.41,242,241,1
954,1.05,285,282,3
955,0.61,330,328,2
956,0.0,99,99,0
957,0.73,275,273,2
958,1.42,282,278,4
959,1.02,295,292,3
960,1.09,368,364,4
961,0.29,341,340,1
962,46.84,190,101,89
963,0.6,334,332,2
964,0.5,398,396,2
965,0.0,106,106,0
966,2.8,107,104,3
967,0.71,280,278,2
968,3.37,89,86,3
969,0.0,118,118,0
970,3.06,98,95,3
971,0.0,118,118,0
972,1.05,95,94,1
973,39.44,71,43,28
974,1.69,118,116,2
975,0.0,125,125,0
976,0.96,104,103,1
977,1.87,107,105,2
978,0.0,191,191,0
979,2.0,100,98,2
980,4.24,118,113,5
981,8.18,110,101,9
982,0.0,106,106,0
983,7.5,80,74,6
984,1.64,122,120,2
985,0.0,132,132,0
986,1.99,151,148,3
987,1.9,158,155,3
988,0.0,66,66,0
989,0.47,211,210,1
990,0.0,102,102,0
991,2.22,135,132,3
992,51.06,141,69,72
993,3.03,99,96,3
994,3.03,99,96,3
995,0.0,79,79,0
996,44.03,134,75,59
997,0.0,112,112,0
998,0.0,95,95,0
999,0.0,98,98,0
1000,0.0,61,61,0
1001,0.0,145,145,0
1002,42.59,108,62,46
1003,0.0,130,130,0
1004,0.0,151,151,0
1005,4.13,121,116,5
1006,97.58,124,3,121
1007,5.15,97,92,5
1008,2.68,149,145,4
1009,0.0,150,150,0
1010,0.0,173,173,0
1011,0.0,51,51,0
1012,89.61,154,16,138
1013,0.66,151,150,1
1014,3.38,148,143,5
1015,90.72,97,9,88
1016,0.0,137,137,0
1017,0.58,173,172,1
1018,0.83,120,119,1
1019,6.25,144,135,9
1020,0.63,158,157,1
1021,1.36,147,145,2
1022,12.5,32,28,4
1023,0.0,26,26,0
1024,37.5,40,25,15
1025,0.0,24,24,0
1026,34.48,29,19,10
1027,0.0,36,36,0
1028,3.33,60,58,2
1029,0.0,86,86,0
1030,0.0,95,95,0
1031,0.0,40,40,0
1032,1.43,140,138,2
1033,88.64,88,10,78
1034,88.24,102,12,90
1035,0.6,166,165,1
1036,2.68,112,109,3
1037,2.68,112,109,3
1038,1.82,110,108,2
1039,0.0,111,111,0
1040,1.9,105,103,2
1041,0.0,96,96,0
1042,0.0,58,58,0
1043,3.0,100,97,3
1044,2.11,95,93,2
1045,0.75,134,133,1
1046,0.0,88,88,0
1047,2.27,132,129,3
1048,0.0,123,123,0
1049,0.85,118,117,1
1050,0.0,154,154,0
1051,0.0,136,136,0
1052,91.67,120,10,110
1053,1.23,81,80,1
1054,0.0,150,150,0
1055,6.25,144,135,9
1056,43.75,144,81,63
1057,0.0,92,92,0
1058,0.0,197,197,0
1059,0.76,131,130,1
1060,0.0,142,142,0
1061,0.0,106,106,0
1062,0.0,151,151,0
1063,0.0,139,139,0
1064,4.05,74,71,3
1065,0.0,131,131,0
1066,47.67,172,90,82
1067,1.89,159,156,3
1068,51.15,131,64,67
1069,0.6,166,165,1
1070,1.6,125,123,2
1071,1.6,125,123,2
1072,4.32,139,133,6
1073,0.0,140,140,0
1074,1.74,172,169,3
1075,0.0,56,56,0
1076,6.7,179,167,12
1077,0.0,106,106,0
1078,1.89,159,156,3
1079,0.0,139,139,0
1080,1.18,170,168,2
1081,2.14,187,183,4
1082,0.0,145,145,0
1083,0.0,153,153,0
1084,1.9,158,155,3
1085,0.0,132,132,0
1086,0.0,75,75,0
1087,0.0,165,165,0
1088,1.24,161,159,2
1089,2.69,186,181,5
1090,1.0,201,199,2
1091,9.34,182,165,17
1092,1.47,136,134,2
1093,4.2,143,137,6
1094,2.01,199,195,4
1095,0.7,142,141,1
1096,0.0,180,180,0
1097,8.45,71,65,6
1098,0.0,179,179,0
1099,0.55,182,181,1
1100,0.92,218,216,2
1101,2.37,169,165,4
1102,0.0,130,130,0
1103,0.0,113,113,0
1104,7.32,205,190,15
1105,1.66,181,178,3
1106,2.01,149,146,3
1107,1.29,155,153,2
1108,83.02,53,9,44
1109,0.0,156,156,0
1110,0.0,121,121,0
1111,0.0,206,206,0
1112,0.0,148,148,0
1113,0.51,197,196,1
1114,0.81,248,246,2
1115,0.53,188,187,1
1116,0.0,174,174,0
1117,0.0,140,140,0
1118,0.0,227,227,0
1119,0.0,61,61,0
1120,4.51,133,127,6
1121,0.0,245,245,0
1122,0.0,238,238,0
1123,2.14,140,137,3
1124,0.0,160,160,0
1125,0.0,234,234,0
1126,0.0,234,234,0
1127,0.0,182,182,0
1128,3.57,196,189,7
1129,0.0,261,261,0
1130,0.0,66,66,0
1131,47.47,158,83,75
1132,0.0,162,162,0
1133,0.0,210,210,0
1134,0.65,155,154,1
1135,0.0,168,168,0
1136,0.0,165,165,0
1137,0.75,133,132,1
1138,0.87,230,228,2
1139,0.46,216,215,1
1140,0.0,161,161,0
1141,0.59,170,169,1
1142,0.0,66,66,0
1143,0.0,169,169,0
1144,0.0,161,161,0
1145,1.84,163,160,3
1146,1.78,169,166,3
1147,1.81,166,163,3
1148,1.65,182,179,3
1149,0.53,189,188,1
1150,1.35,222,219,3
1151,0.42,236,235,1
1152,1.19,168,166,2
1153,0.0,80,80,0
1154,0.88,228,226,2
1155,0.0,168,168,0
1156,1.4,214,211,3
1157,1.1,181,179,2
1158,0.51,197,196,1
1159,1.12,179,177,2
1160,0.59,170,169,1
1161,1.3,154,152,2
1162,1.0,201,199,2
1163,0.0,207,207,0
1164,0.0,80,80,0
1165,2.44,205,200,5
1166,1.48,270,266,4
1167,0.0,198,198,0
1168,1.06,189,187,2
1169,2.7,222,216,6
1170,2.45,163,159,4
1171,0.87,230,228,2
1172,0.0,223,223,0
1173,0.49,206,205,1
1174,0.0,184,184,0
1175,0.97,103,102,1
1176,91.71,193,16,177
1177,0.49,206,205,1
1178,1.77,282,277,5
1179,0.99,203,201,2
1180,0.36,274,273,1
1181,2.87,244,237,7
1182,2.64,227,221,6
1183,1.8,167,164,3
1184,1.42,211,208,3
1185,1.55,194,191,3
1186,9.52,63,57,6
1187,0.0,214,214,0
1188,1.79,223,219,4
1189,0.0,238,238,0
1190,0.52,194,193,1
1191,1.4,214,211,3
1192,0.0,227,227,0
1193,0.91,219,217,2
1194,0.93,216,214,2
1195,12.77,235,205,30
1196,0.0,235,235,0
1197,1.49,67,66,1
1198,0.98,204,202,2
1199,1.43,210,207,3
1200,0.64,157,156,1
1201,0.81,247,245,2
1202,0.0,257,257,0
1203,0.0,209,209,0
1204,0.0,218,218,0
1205,0.0,218,218,0
1206,0.0,190,190,0
1207,0.79,253,251,2
1208,0.0,91,91,0
1209,1.12,178,176,2
1210,0.0,216,216,0
1211,3.02,232,225,7
1212,0.0,226,226,0
1213,0.0,240,240,0
1214,0.0,222,222,0
1215,1.2,249,246,3
1216,1.23,244,241,3
1217,0.0,232,232,0
1218,1.18,170,168,2
1219,9.52,63,57,6
1220,0.48,209,208,1
1221,1.44,208,205,3
1222,1.65,243,239,4
1223,0.0,278,278,0
1224,2.27,132,129,3
1225,1.14,263,260,3
1226,0.0,290,290,0
1227,2.26,221,216,5
1228,0.76,264,262,2
1229,0.0,224,224,0
1230,1.67,60,59,1
1231,0.46,216,215,1
1232,0.0,242,242,0
1233,1.26,238,235,3
1234,0.0,180,180,0
1235,1.52,264,260,4
1236,1.58,190,187,3
1237,0.51,196,195,1
1238,1.69,237,233,4
1239,1.04,193,191,2
1240,2.61,268,261,7
1241,1.25,80,79,1
1242,1.88,213,209,4
1243,0.0,239,239,0
1244,34.76,233,152,81
1245,0.92,218,216,2
1246,0.38,265,264,1
1247,0.0,314,314,0
1248,0.4,250,249,1
1249,0.53,188,187,1
1250,1.42,211,208,3
1251,0.0,257,257,0
1252,10.39,231,207,24
1253,93.33,45,3,42
1254,0.0,318,318,0
1255,1.1,273,270,3
1256,1.1,273,270,3
1257,36.09,266,170,96
1258,2.73,183,178,5
1259,0.0,230,230,0
1260,0.67,297,295,2
1261,1.58,190,187,3
1262,0.9,221,219,2
1263,1.33,226,223,3
1264,93.33,45,3,42
1265,2.4,250,244,6
1266,1.29,232,229,3
1267,1.49,268,264,4
1268,0.5,201,200,1
1269,1.48,203,200,3
1270,0.51,195,194,1
1271,0.0,245,245,0
1272,1.23,243,240,3
1273,0.0,284,284,0
1274,0.47,215,214,1
1275,0.0,80,80,0
1276,0.0,189,189,0
1277,4.64,280,267,13
1278,0.45,221,220,1
1279,0.0,304,304,0
1280,0.0,197,197,0
1281,0.0,203,203,0
1282,1.04,383,379,4
1283,0.9,221,219,2
1284,1.52,330,325,5
1285,1.91,209,205,4
1286,90.48,63,6,57
1287,0.0,239,239,0
1288,0.71,281,279,2
1289,1.68,238,234,4
1290,0.9,333,330,3
1291,0.0,200,200,0
1292,0.0,252,252,0
1293,0.62,321,319,2
1294,0.45,224,223,1
1295,0.0,282,282,0
1296,0.62,321,319,2
1297,1.64,61,60,1
1298,1.08,185,183,2
1299,1.05,287,284,3
1300,47.65,170,89,81
1301,0.75,265,263,2
1302,0.81,248,246,2
1303,0.0,204,204,0
1304,1.18,255,252,3
1305,1.73,231,227,4
1306,0.95,210,208,2
1307,1.68,179,176,3
1308,2.74,73,71,2
1309,0.66,303,301,2
1310,1.33,225,222,3
1311,0.0,239,239,0
1312,0.36,275,274,1
1313,0.99,203,201,2
1314,1.89,264,259,5
1315,0.78,258,256,2
1316,0.44,227,226,1
1317,0.0,298,298,0
1318,1.01,297,294,3
1319,0.0,86,86,0
1320,1.04,289,286,3
1321,0.79,254,252,2
1322,0.0,303,303,0
1323,0.0,287,287,0
1324,0.0,267,267,0
1325,1.62,247,243,4
1326,0.88,228,226,2
1327,0.42,238,237,1
1328,2.92,274,266,8
1329,1.14,264,261,3
1330,0.0,106,106,0
1331,0.41,242,241,1
1332,0.36,281,280,1
1333,0.78,257,255,2
1334,0.68,294,292,2
1335,2.06,243,238,5
1336,0.69,289,287,2
1337,0.0,319,319,0
1338,0.33,305,304,1
1339,1.38,290,286,4
1340,0.8,249,247,2
1341,0.0,106,106,0
1342,1.34,299,295,4
1343,0.77,260,258,2
1344,2.54,276,269,7
1345,0.0,227,227,0
1346,0.46,219,218,1
1347,1.4,358,353,5
1348,1.9,211,207,4
1349,2.78,288,280,8
1350,0.5,200,199,1
1351,2.69,335,326,9
1352,95.24,63,3,60
1353,0.77,260,258,2
1354,0.74,269,267,2
1355,0.71,281,279,2
1356,0.0,100,100,0
1357,0.64,314,312,2
1358,1.21,248,245,3
1359,0.41,241,240,1
1360,1.44,277,273,4
1361,0.79,254,252,2
1362,1.6,313,308,5
1363,0.59,170,169,1
1364,92.11,76,6,70
1365,1.26,239,236,3
1366,0.0,341,341,0
1367,1.14,264,261,3
1368,0.0,232,232,0
1369,0.0,211,211,0
1370,0.96,312,309,3
1371,1.24,241,238,3
1372,0.0,230,230,0
1373,1.3,307,303,4
1374,0.43,230,229,1
1375,1.61,62,61,1
1376,0.0,292,292,0
1377,8.81,295,269,26
1378,1.28,235,232,3
1379,0.0,349,349,0
1380,0.32,317,316,1
1381,0.0,169,169,0
1382,2.29,262,256,6
1383,0.84,238,236,2
1384,1.56,256,252,4
1385,1.33,301,297,4
1386,7.69,78,72,6
1387,0.36,276,275,1
1388,2.22,315,308,7
1389,2.37,337,329,8
1390,0.63,315,313,2
1391,1.28,234,231,3
1392,0.3,336,335,1
1393,0.28,354,353,1
1394,0.76,263,261,2
1395,1.21,331,327,4
1396,0.28,358,357,1
1397,0.0,86,86,0
1398,1.69,295,290,5
1399,0.0,262,262,0
1400,0.0,289,289,0
1401,0.0,184,184,0
1402,0.33,299,298,1
1403,0.67,300,298,2
1404,0.3,331,330,1
1405,1.0,200,198,2
1406,0.0,406,406,0
1407,0.4,251,250,1
1408,2.97,101,98,3
1409,0.56,357,355,2
1410,0.0,307,307,0
1411,1.16,346,342,4
1412,1.42,282,278,4
1413,0.87,345,342,3
1414,0.0,262,262,0
1415,1.87,268,263,5
1416,0.54,368,366,2
1417,0.72,278,276,2
1418,1.2,332,328,4
1419,2.97,101,98,3
1420,11.04,299,266,33
1421,47.93,242,126,116
1422,1.2,332,328,4
1423,0.32,311,310,1
1424,1.12,356,352,4
1425,1.45,346,341,5
1426,0.0,314,314,0
1427,0.86,350,347,3
1428,1.43,350,345,5
1429,0.0,219,219,0
1430,0.0,67,67,0
1431,1.46,274,270,4
1432,1.18,340,336,4
1433,0.61,328,326,2
1434,0.0,242,242,0
1435,0.69,288,286,2
1436,0.0,208,208,0
1437,0.0,277,277,0
1438,2.05,293,287,6
1439,1.5,266,262,4
1440,0.72,277,275,2
1441,0.0,75,75,0
1442,0.0,274,274,0
1443,1.93,259,254,5
1444,0.84,239,237,2
1445,0.47,215,214,1
1446,0.0,290,290,0
1447,0.29,346,345,1
1448,0.0,311,311,0
1449,1.31,305,301,4
1450,0.0,313,313,0
1451,0.33,301,300,1
1452,1.04,96,95,1
1453,0.26,390,389,1
1454,0.0,320,320,0
1455,0.72,416,413,3
1456,1.05,285,282,3
1457,0.0,316,316,0
1458,0.61,328,326,2
1459,0.74,271,269,2
1460,0.96,314,311,3
1461,0.0,327,327,0
1462,1.04,385,381,4
1463,1.33,75,74,1
1464,0.0,351,351,0
1465,0.43,231,230,1
1466,0.0,308,308,0
1467,0.29,341,340,1
1468,0.34,292,291,1
1469,7.17,279,259,20
1470,0.0,292,292,0
1471,1.1,362,358,4
1472,0.0,358,358,0
1473,0.0,224,224,0
1474,0.0,261,261,0
1475,45.57,79,43,36
1476,0.0,327,327,0
1477,2.41,291,284,7
1478,0.62,322,320,2
1479,1.19,252,249,3
1480,0.0,271,271,0
1481,0.0,308,308,0
1482,0.3,335,334,1
1483,0.3,330,329,1
1484,0.68,296,294,2
1485,0.0,308,308,0
1486,0.0,72,72,0
1487,3.3,303,293,10
1488,0.64,311,309,2
1489,2.22,315,308,7
1490,0.58,346,344,2
1491,1.03,292,289,3
1492,0.0,278,278,0
1493,0.0,233,233,0
1494,1.61,311,306,5
1495,0.0,293,293,0
1496,1.8,333,327,6
1497,0.0,72,72,0
1498,0.0,365,365,0
1499,1.35,297,293,4
1500,1.43,280,276,4
1501,0.79,253,251,2
1502,1.16,258,255,3
1503,2.19,319,312,7
1504,0.31,318,317,1
1505,0.0,281,281,0
1506,1.44,277,273,4
1507,0.0,285,285,0
1508,2.86,105,102,3
1509,0.26,391,390,1
1510,1.24,241,238,3
1511,1.76,341,335,6
1512,0.33,306,305,1
1513,0.38,261,260,1
1514,1.22,329,325,4
1515,0.8,373,370,3
1516,0.37,270,269,1
1517,0.0,298,298,0
1518,0.98,305,302,3
1519,0.0,104,104,0
1520,0.87,231,229,2
1521,0.0,286,286,0
1522,0.0,347,347,0
1523,0.48,421,419,2
1524,0.0,104,104,0
1525,2.65,113,110,3
1526,12.79,86,75,11
1527,1.11,90,89,1
1528,3.16,95,92,3
1529,0.0,197,197,0
1530,0.0,107,107,0
1531,0.0,112,112,0
1532,0.0,95,95,0
1533,0.0,90,90,0
1534,0.0,98,98,0
1535,1.32,76,75,1
1536,0.0,107,107,0
1537,1.1,91,90,1
1538,1.1,91,90,1
1539,0.0,81,81,0
1540,1.32,76,75,1
1541,0.0,56,56,0
1542,0.95,105,104,1
1543,0.0,113,113,0
1544,1.98,101,99,2
1545,90.16,61,6,55
1546,1.01,99,98,1
1547,0.0,86,86,0
1548,45.0,100,55,45
1549,45.0,100,55,45
1550,0.0,103,103,0
1551,0.0,61,61,0
1552,0.0,103,103,0
1553,46.74,92,49,43
1554,0.0,87,87,0
1555,0.0,87,87,0
1556,2.73,110,107,3
1557,2.73,110,107,3
1558,0.0,123,123,0
1559,2.78,108,105,3
1560,1.02,98,97,1
1561,0.0,130,130,0
1562,0.0,57,57,0
1563,0.0,130,130,0
1564,0.0,130,130,0
1565,1.87,107,105,2
1566,0.0,115,115,0
1567,0.0,115,115,0
1568,2.63,114,111,3
1569,5.41,111,105,6
1570,0.0,138,138,0
1571,0.0,113,113,0
1572,0.97,103,102,1
1580,42.0,50,29,21
1581,0.0,173,173,0
1582,1.1,182,180,2
1583,0.0,221,221,0
1584,0.0,367,367,0
1585,0.78,385,382,3
1586,0.0,227,227,0
1587,0.76,263,261,2
1588,0.0,89,89,0
1589,1.68,119,117,2
1590,3.17,252,244,8
1591,0.0,163,163,0
1592,0.0,234,234,0
1593,0.0,313,313,0
1594,0.53,380,378,2
1595,1.93,363,356,7
1596,0.89,338,335,3
1597,2.56,195,190,5
1598,1.13,177,175,2
1599,0.0,257,257,0
1600,0.47,212,211,1
1601,92.54,67,5,62
1602,5.17,116,110,6
1603,1.2,167,165,2
1604,0.0,172,172,0
1605,0.86,232,230,2
1606,1.7,235,231,4
1607,1.2,250,247,3
1608,0.34,297,296,1
1609,0.0,284,284,0
1610,0.0,49,49,0
1611,7.19,139,129,10
1612,0.0,179,179,0
1613,4.32,139,133,6
1614,2.07,290,284,6
1615,0.0,259,259,0
1616,1.15,174,172,2
1617,3.8,263,253,10
1618,0.52,193,192,1
1619,2.49,241,235,6
1620,0.8,125,124,1
1621,0.73,137,136,1
1622,0.0,194,194,0
1623,0.37,270,269,1
1624,2.19,137,134,3
1625,94.69,113,6,107
1626,0.0,254,254,0
1627,1.77,113,111,2
1628,1.12,179,177,2
1629,6.01,283,266,17
1630,0.0,202,202,0
1631,0.57,176,175,1
1632,3.65,192,185,7
1633,0.46,219,218,1
1634,0.98,205,203,2
1635,0.51,198,197,1
1636,8.16,98,90,8
1637,0.0,73,73,0
1638,0.0,175,175,0
1639,1.1,181,179,2
1640,0.0,137,137,0
1641,0.65,154,153,1
1642,0.7,287,285,2
1643,0.74,269,267,2
1644,0.0,265,265,0
1645,1.85,162,159,3
1646,0.37,267,266,1
1647,0.75,265,263,2
1648,0.0,230,230,0
1649,2.65,226,220,6
1650,0.37,268,267,1
1651,9.27,248,225,23
1652,0.83,241,239,2
1653,0.83,242,240,2
1654,0.0,58,58,0
1655,4.33,208,199,9
1656,2.34,214,209,5
1657,11.72,239,211,28
1658,0.0,217,217,0
1659,1.05,191,189,2
1660,0.0,211,211,0
1661,0.65,153,152,1
1662,0.44,227,226,1
1663,0.46,218,217,1
1664,0.0,172,172,0
1665,0.98,205,203,2
1666,0.78,256,254,2
1667,0.53,378,376,2
1668,1.38,145,143,2
1669,0.72,276,274,2
1670,11.76,238,210,28
1671,0.0,188,188,0
1672,2.99,301,292,9
1673,0.97,309,306,3
1674,0.65,308,306,2
1675,1.69,296,291,5
1676,89.47,57,6,51
1677,1.03,97,96,1
1678,0.32,314,313,1
1679,1.1,182,180,2
1680,0.0,240,240,0
1681,2.37,338,330,8
1682,1.92,313,307,6
1683,0.38,262,261,1
1684,10.0,170,153,17
1685,0.58,173,172,1
1686,0.0,232,232,0
1687,0.0,236,236,0
1688,1.97,304,298,6
1689,0.66,303,301,2
1690,3.23,279,270,9
1691,0.0,232,232,0
1692,1.39,144,142,2
1693,0.0,306,306,0
1694,1.4,143,141,2
1695,0.0,207,207,0
1696,1.34,224,221,3
1697,0.71,283,281,2
1698,0.74,270,268,2
1699,0.0,121,121,0
1700,1.59,126,124,2
1701,0.71,141,140,1
1702,2.48,202,197,5
1703,1.46,206,203,3
1704,1.78,281,276,5
1705,0.0,326,326,0
1706,1.98,101,99,2
1707,0.0,101,101,0
1708,0.0,179,179,0
1709,1.34,149,147,2
1710,64.71,221,78,143
1711,0.67,150,149,1
1712,2.23,224,219,5
1713,0.74,269,267,2
1714,4.35,253,242,11
1715,1.37,146,144,2
1716,1.37,146,144,2
1717,0.0,248,248,0
1718,2.23,179,175,4
1719,2.54,236,230,6
1720,1.35,222,219,3
1721,9.04,177,161,16
1722,3.53,255,246,9
1723,1.09,275,272,3
1724,0.0,173,173,0
1725,0.0,113,113,0
1726,1.55,129,127,2
1727,1.01,199,197,2
1728,0.4,247,246,1
1729,0.0,250,250,0
1730,0.0,291,291,0
1731,1.11,90,89,1
1732,4.08,147,141,6
1733,2.12,236,231,5
1734,2.56,234,228,6
1735,0.0,223,223,0
1736,0.43,231,230,1
1737,0.56,178,177,1
1738,0.46,217,216,1
1739,0.0,206,206,0
1740,3.19,188,182,6
1741,0.0,237,237,0
1742,0.0,186,186,0
1743,42.49,193,111,82
1744,1.88,266,261,5
1745,0.61,164,163,1
1746,0.0,197,197,0
1747,2.12,236,231,5
1748,1.21,165,163,2
1749,1.87,214,210,4
1750,2.3,217,212,5
1751,46.25,160,86,74
1752,1.75,228,224,4
1753,1.06,189,187,2
1754,1.37,219,216,3
1755,1.36,220,217,3
1756,0.88,113,112,1
1757,0.81,124,123,1
1758,0.0,117,117,0
1759,0.99,202,200,2
1760,0.56,180,179,1
1763,0.0,113,113,0
1764,2.19,183,179,4
1765,0.59,169,168,1
1766,0.0,189,189,0
1767,0.0,209,209,0
1768,2.58,194,189,5
1769,0.46,216,215,1
1770,1.44,277,273,4
1771,2.74,219,213,6
1772,10.08,119,107,12
1773,3.73,161,155,6
1774,0.96,208,206,2
1775,0.0,175,175,0
1776,0.28,352,351,1
1777,0.0,230,230,0
1778,1.04,193,191,2
1779,0.0,124,124,0
1780,1.1,181,179,2
1781,1.6,250,246,4
1782,1.01,199,197,2
1783,1.06,283,280,3
1784,0.32,311,310,1
1803,0.0,30,30,0
1815,3.92,816,784,32
1816,3.92,816,784,32
1819,0.0,430,430,0
1821,0.0,5945,5945,0
1823,0.0,5945,5945,0
1824,100.0,3,0,3
1825,0.0,49,49,0
1826,0.0,49,49,0
1827,0.0,49,49,0
1828,0.0,49,49,0
1840,0.0,4,4,0
1848,51.26,318,155,163
1849,51.79,392,189,203
1850,80.27,451,89,362
1851,47.83,345,180,165
1852,47.83,345,180,165
1853,47.83,345,180,165
1854,47.83,345,180,165
1860,0.0,36,36,0
1861,0.0,36,36,0
1862,0.0,36,36,0
1873,100.0,76,0,76
1874,0.0,632,632,0
1877,40.0,10,6,4
1878,100.0,34,0,34
1879,0.0,32,32,0
1880,0.0,36,36,0
1881,0.0,26,26,0
1882,100.0,36,0,36
1889,0.0,448,448,0
1890,73.33,15,4,11
1892,0.0,2,2,0
1915,0.0,140,140,0
1917,0.0,189,189,0
1924,0.0,27,27,0
1932,1.35,74,73,1
1937,0.0,83,83,0
1938,0.0,38,38,0
1939,0.0,162,162,0
1953,0.0,3,3,0
1956,100.0,175,0,175
1960,0.0,13,13,0
1961,0.0,56,56,0
1999,0.0,49,49,0
2000,0.0,49,49,0
2001,0.0,49,49,0
2002,0.0,49,49,0
2003,0.0,49,49,0
2004,0.0,49,49,0
2005,0.0,49,49,0
2006,0.0,49,49,0
2007,0.0,49,49,0
2008,0.0,49,49,0
2009,0.0,49,49,0
2010,0.0,49,49,0
2011,0.0,49,49,0
2030,100.0,36,0,36
2031,100.0,36,0,36
2032,100.0,36,0,36
2033,100.0,36,0,36
2034,100.0,36,0,36
2035,100.0,36,0,36
2036,100.0,36,0,36
2037,100.0,36,0,36
2038,100.0,36,0,36
2039,100.0,36,0,36
2040,100.0,36,0,36
2041,100.0,36,0,36
2042,100.0,36,0,36
2043,100.0,36,0,36
2044,100.0,36,0,36
2045,100.0,36,0,36
2046,100.0,36,0,36
2047,100.0,36,0,36
2048,100.0,36,0,36
2049,100.0,45,0,45
2050,100.0,45,0,45
2051,100.0,45,0,45
2052,100.0,45,0,45
2053,100.0,45,0,45
2054,100.0,45,0,45
2055,100.0,45,0,45
2056,100.0,45,0,45
2057,100.0,45,0,45
2058,100.0,45,0,45
2059,100.0,45,0,45
2060,100.0,45,0,45
2061,100.0,45,0,45
2062,100.0,45,0,45
2063,100.0,45,0,45
2064,100.0,45,0,45
2065,100.0,45,0,45
2066,100.0,45,0,45
2067,100.0,45,0,45
2068,100.0,45,0,45
2069,53.19,47,22,25
2070,53.19,47,22,25
2071,53.19,47,22,25
2072,53.19,47,22,25
2073,53.19,47,22,25
2074,53.19,47,22,25
2075,53.19,47,22,25
2076,53.19,47,22,25
2077,53.19,47,22,25
2078,53.19,47,22,25
2079,53.19,47,22,25
2080,53.19,47,22,25
2081,53.19,47,22,25
2082,53.19,47,22,25
2083,53.19,47,22,25
2084,53.19,47,22,25
2085,53.19,47,22,25
2086,53.19,47,22,25
2087,53.19,47,22,25
2088,53.19,47,22,25
2089,56.52,46,20,26
2090,56.52,46,20,26
2091,56.52,46,20,26
2092,56.52,46,20,26
2093,56.52,46,20,26
2094,56.52,46,20,26
2095,56.52,46,20,26
2096,56.52,46,20,26
2097,56.52,46,20,26
2098,56.52,46,20,26
2099,56.52,46,20,26
2100,56.52,46,20,26
2101,56.52,46,20,26
2102,56.52,46,20,26
2103,56.52,46,20,26
2104,56.52,46,20,26
2105,56.52,46,20,26
2106,56.52,46,20,26
2107,56.52,46,20,26
2108,100.0,40,0,40
2109,100.0,40,0,40
2110,100.0,40,0,40
2111,100.0,40,0,40
2112,100.0,40,0,40
2113,100.0,40,0,40
2114,100.0,40,0,40
2115,100.0,40,0,40
2116,100.0,40,0,40
2117,100.0,40,0,40
2118,100.0,40,0,40
2119,100.0,40,0,40
2120,100.0,40,0,40
2121,100.0,40,0,40
2122,100.0,40,0,40
2123,100.0,40,0,40
2124,100.0,40,0,40
2125,100.0,40,0,40
2146,2.44,41,40,1
2147,2.44,41,40,1
2148,2.44,41,40,1
2149,2.44,41,40,1
2150,2.44,41,40,1
2151,2.44,41,40,1
2152,2.44,41,40,1
2153,2.44,41,40,1
2154,2.44,41,40,1
2155,2.44,41,40,1
2156,2.44,41,40,1
2157,2.44,41,40,1
2158,2.44,41,40,1
2159,2.44,41,40,1
2160,2.44,41,40,1
2161,2.44,41,40,1
2162,2.44,41,40,1
2163,2.44,41,40,1
2164,2.44,41,40,1
2165,47.83,46,24,22
2166,47.83,46,24,22
2167,47.83,46,24,22
2168,47.83,46,24,22
2169,47.83,46,24,22
2170,47.83,46,24,22
2171,47.83,46,24,22
2172,47.83,46,24,22
2173,47.83,46,24,22
2174,47.83,46,24,22
2175,47.83,46,24,22
2176,47.83,46,24,22
2177,47.83,46,24,22
2178,47.83,46,24,22
2179,47.83,46,24,22
2180,47.83,46,24,22
2181,47.83,46,24,22
2182,47.83,46,24,22
2183,47.83,46,24,22
2184,47.83,46,24,22
2185,3.28,61,59,2
2186,3.28,61,59,2
2187,3.28,61,59,2
2188,3.28,61,59,2
2189,3.28,61,59,2
2190,3.28,61,59,2
2191,3.28,61,59,2
2192,3.28,61,59,2
2193,3.28,61,59,2
2194,3.28,61,59,2
2195,3.28,61,59,2
2196,3.28,61,59,2
2197,3.28,61,59,2
2198,3.28,61,59,2
2199,3.28,61,59,2
2200,3.28,61,59,2
2201,3.28,61,59,2
2202,3.28,61,59,2
2203,3.28,61,59,2
2204,3.28,61,59,2
2223,100.0,43,0,43
2224,100.0,43,0,43
2225,100.0,43,0,43
2226,100.0,43,0,43
2227,100.0,43,0,43
2228,100.0,43,0,43
2229,100.0,43,0,43
2230,100.0,43,0,43
2231,100.0,43,0,43
2232,100.0,43,0,43
2233,100.0,43,0,43
2234,100.0,43,0,43
2235,100.0,43,0,43
2236,100.0,43,0,43
2237,100.0,43,0,43
2238,100.0,43,0,43
2239,100.0,43,0,43
2240,100.0,43,0,43
2241,100.0,43,0,43
2242,100.0,43,0,43
2243,5.26,38,36,2
2244,5.26,38,36,2
2245,5.26,38,36,2
2246,5.26,38,36,2
2247,5.26,38,36,2
2248,5.26,38,36,2
2249,5.26,38,36,2
2250,5.26,38,36,2
2251,5.26,38,36,2
2252,5.26,38,36,2
2253,5.26,38,36,2
2254,5.26,38,36,2
2255,5.26,38,36,2
2256,5.26,38,36,2
2257,5.26,38,36,2
2258,100.0,53,0,53
2259,100.0,53,0,53
2260,100.0,53,0,53
2261,100.0,53,0,53
2262,100.0,53,0,53
2263,100.0,53,0,53
2264,100.0,53,0,53
2265,100.0,53,0,53
2266,100.0,53,0,53
2267,100.0,53,0,53
2268,100.0,53,0,53
2269,100.0,53,0,53
2270,100.0,53,0,53
2271,100.0,53,0,53
2272,100.0,53,0,53
2273,100.0,53,0,53
2274,100.0,53,0,53
2275,100.0,53,0,53
2276,100.0,53,0,53
2277,100.0,53,0,53
2278,16.0,25,21,4
2279,16.0,25,21,4
2280,16.0,25,21,4
2281,16.0,25,21,4
2282,16.0,25,21,4
2283,16.0,25,21,4
2284,16.0,25,21,4
2285,16.0,25,21,4
2286,16.0,25,21,4
2287,16.0,25,21,4
2288,16.0,25,21,4
2289,16.0,25,21,4
2290,16.0,25,21,4
2291,16.0,25,21,4
2292,16.0,25,21,4
2293,16.0,25,21,4
2294,16.0,25,21,4
2295,16.0,25,21,4
2296,16.0,25,21,4
2297,16.0,25,21,4
2298,18.92,37,30,7
2299,18.92,37,30,7
2300,18.92,37,30,7
2301,18.92,37,30,7
2302,18.92,37,30,7
2303,18.92,37,30,7
2304,18.92,37,30,7
2305,18.92,37,30,7
2306,18.92,37,30,7
2307,18.92,37,30,7
2308,18.92,37,30,7
2309,18.92,37,30,7
2310,18.92,37,30,7
2311,18.92,37,30,7
2312,18.92,37,30,7
2313,18.92,37,30,7
2314,18.92,37,30,7
2315,18.92,37,30,7
2316,18.92,37,30,7
2317,18.92,37,30,7
2318,100.0,46,0,46
2319,100.0,46,0,46
2320,100.0,46,0,46
2321,100.0,46,0,46
2322,100.0,46,0,46
2323,100.0,46,0,46
2324,100.0,46,0,46
2325,100.0,46,0,46
2326,100.0,46,0,46
2327,100.0,46,0,46
2328,100.0,46,0,46
2329,100.0,46,0,46
2330,100.0,46,0,46
2331,100.0,46,0,46
2332,100.0,46,0,46
2333,100.0,46,0,46
2334,100.0,46,0,46
2335,100.0,46,0,46
2336,100.0,46,0,46
2337,100.0,46,0,46
2338,4.35,46,44,2
2339,4.35,46,44,2
2340,4.35,46,44,2
2341,4.35,46,44,2
2342,4.35,46,44,2
2343,4.35,46,44,2
2344,4.35,46,44,2
2345,4.35,46,44,2
2346,4.35,46,44,2
2347,4.35,46,44,2
2348,4.35,46,44,2
2349,4.35,46,44,2
2350,4.35,46,44,2
2351,4.35,46,44,2
2352,4.35,46,44,2
2353,4.35,46,44,2
2354,4.35,46,44,2
2355,4.35,46,44,2
2356,4.35,46,44,2
2357,32.43,37,25,12
2358,32.43,37,25,12
2359,32.43,37,25,12
2360,32.43,37,25,12
2361,32.43,37,25,12
2362,32.43,37,25,12
2363,32.43,37,25,12
2364,32.43,37,25,12
2365,32.43,37,25,12
2366,32.43,37,25,12
2367,32.43,37,25,12
2368,32.43,37,25,12
2369,32.43,37,25,12
2370,32.43,37,25,12
2371,32.43,37,25,12
2372,32.43,37,25,12
2373,32.43,37,25,12
2374,32.43,37,25,12
2375,32.43,37,25,12
2396,12.5,24,21,3
2397,12.5,24,21,3
2398,12.5,24,21,3
2399,12.5,24,21,3
2400,12.5,24,21,3
2401,12.5,24,21,3
2402,12.5,24,21,3
2403,12.5,24,21,3
2404,12.5,24,21,3
2405,12.5,24,21,3
2406,12.5,24,21,3
2407,12.5,24,21,3
2408,12.5,24,21,3
2409,12.5,24,21,3
2410,12.5,24,21,3
2411,12.5,24,21,3
2412,12.5,24,21,3
2413,12.5,24,21,3
2414,12.5,24,21,3
2415,8.89,45,41,4
2416,8.89,45,41,4
2417,8.89,45,41,4
2418,8.89,45,41,4
2419,8.89,45,41,4
2420,8.89,45,41,4
2421,8.89,45,41,4
2422,8.89,45,41,4
2423,8.89,45,41,4
2424,8.89,45,41,4
2425,8.89,45,41,4
2426,8.89,45,41,4
2427,8.89,45,41,4
2428,8.89,45,41,4
2429,8.89,45,41,4
2430,8.89,45,41,4
2431,8.89,45,41,4
2432,8.89,45,41,4
2433,8.89,45,41,4
2464,0.0,57,57,0
2465,0.0,57,57,0
2468,0.0,82,82,0
2475,0.0,4935,4935,0
2476,0.0,2810,2810,0
2477,0.0,2810,2810,0
2478,0.0,2810,2810,0
2479,0.0,2810,2810,0
2480,0.0,2810,2810,0
2488,39.58,48,29,19
2497,0.0,197,197,0
2500,1.13,265,262,3
2501,1.17,257,254,3
2502,4.2,286,274,12
2503,2.44,246,240,6
2504,3.3,212,205,7
2505,0.92,217,215,2
2506,1.39,288,284,4
2507,0.0,198,198,0
2508,1.46,274,270,4
2509,5.19,77,73,4
2510,0.0,234,234,0
2511,0.49,203,202,1
2512,0.0,221,221,0
2513,2.12,236,231,5
2514,0.0,199,199,0
2515,0.0,235,235,0
2516,0.0,260,260,0
2517,1.58,253,249,4
2518,0.85,235,233,2
2519,0.0,159,159,0
2520,2.91,103,100,3
2521,45.86,181,98,83
2522,1.87,267,262,5
2523,0.86,232,230,2
2524,1.82,275,270,5
2525,0.0,229,229,0
2526,2.56,234,228,6
2527,0.0,227,227,0
2528,1.5,266,262,4
2529,1.43,280,276,4
2530,0.43,231,230,1
2531,0.98,102,101,1
2532,0.79,253,251,2
2533,45.75,212,115,97
2534,1.58,253,249,4
2535,0.84,239,237,2
2536,1.15,262,259,3
2537,2.43,247,241,6
2538,1.43,280,276,4
2539,0.79,252,250,2
2540,0.82,244,242,2
2541,2.2,318,311,7
2542,0.0,89,89,0
2543,0.58,343,341,2
2544,0.7,284,282,2
2545,2.57,350,341,9
2546,0.41,244,243,1
2547,0.98,306,303,3
2548,0.81,247,245,2
2549,2.45,286,279,7
2550,1.49,336,331,5
2551,0.88,227,225,2
2552,0.78,255,253,2
2553,1.67,60,59,1
2554,2.26,310,303,7
2555,1.29,232,229,3
2556,1.19,336,332,4
2557,1.08,279,276,3
2558,0.0,69,69,0
2559,3.03,99,96,3
2560,3.36,119,115,4
2561,3.09,97,94,3
2562,0.0,28,28,0
2563,3.19,94,91,3
2564,0.98,102,101,1
2565,4.62,130,124,6
2566,3.08,130,126,4
2567,0.0,82,82,0
2568,46.24,93,50,43
2569,0.0,101,101,0
2570,0.0,81,81,0
2571,2.9,138,134,4
2572,0.0,100,100,0
2573,70.73,41,12,29
2574,42.99,107,61,46
2575,3.51,114,110,4
2576,1.69,118,116,2
2577,0.0,132,132,0
2578,0.0,116,116,0
2579,0.0,93,93,0
2580,0.0,116,116,0
2581,0.0,86,86,0
2582,2.29,131,128,3
2583,0.0,119,119,0
2584,0.0,25,25,0
2585,0.67,150,149,1
2586,4.55,110,105,5
2587,3.79,132,127,5
2588,0.76,131,130,1
2589,0.0,115,115,0
2590,1.41,142,140,2
2591,3.82,131,126,5
2592,0.0,122,122,0
2593,0.64,157,156,1
2594,1.27,158,156,2
2595,86.05,43,6,37
2596,0.0,145,145,0
2597,0.8,125,124,1
2598,0.0,122,122,0
2599,1.38,145,143,2
2600,1.97,203,199,4
2601,6.95,187,174,13
2602,0.0,122,122,0
2603,1.27,158,156,2
2604,1.81,166,163,3
2605,7.3,178,165,13
2606,9.52,42,38,4
2607,1.37,146,144,2
2608,0.0,147,147,0
2609,2.26,177,173,4
2610,0.0,139,139,0
2611,0.0,192,192,0
2612,1.84,163,160,3
2613,0.54,184,183,1
2614,4.52,221,211,10
2615,0.0,175,175,0
2616,0.9,221,219,2
2617,0.0,65,65,0
2618,0.0,163,163,0
2619,1.16,173,171,2
2620,0.0,184,184,0
2621,1.75,171,168,3
2622,0.0,161,161,0
2623,1.92,208,204,4
2624,1.97,152,149,3
2625,0.56,177,176,1
2626,1.33,225,222,3
2627,1.42,141,139,2
2628,3.03,66,64,2
2629,0.43,235,234,1
2630,5.09,216,205,11
2631,0.54,186,185,1
2632,0.56,180,179,1
2633,0.62,161,160,1
2634,0.47,211,210,1
2635,0.58,173,172,1
2636,2.78,252,245,7
2637,2.08,144,141,3
2638,0.0,177,177,0
2639,5.19,77,73,4
2640,94.86,175,9,166
2641,1.64,183,180,3
2642,0.88,228,226,2
2643,1.72,233,229,4
2644,10.4,250,224,26
2645,1.41,142,140,2
2646,6.01,283,266,17
2647,2.89,277,269,8
2648,0.0,226,226,0
2649,0.0,228,228,0
2651,0.0,24,24,0
2652,18.18,33,27,6
2653,41.18,85,50,35
2654,0.86,232,230,2
2655,0.0,266,266,0
2656,0.0,262,262,0
2657,1.63,246,242,4
2658,2.13,282,276,6
2659,1.21,247,244,3
2660,4.11,292,280,12
2661,1.65,242,238,4
2662,0.48,210,209,1
2663,90.32,62,6,56
2664,0.81,247,245,2
2665,0.43,234,233,1
2666,0.93,322,319,3
2667,0.0,198,198,0
2668,1.62,309,304,5
2669,2.31,260,254,6
2670,0.44,225,224,1
2671,2.16,232,227,5
2672,0.0,300,300,0
2673,0.0,213,213,0
2674,0.0,72,72,0
2675,4.61,282,269,13
2676,1.25,240,237,3
2677,4.37,320,306,14
2678,1.13,266,263,3
2679,0.0,338,338,0
2680,0.0,264,264,0
2681,3.02,331,321,10
2682,0.78,257,255,2
2683,2.64,303,295,8
2684,1.35,223,220,3
2685,1.27,79,78,1
2686,1.82,275,270,5
2687,0.65,310,308,2
2688,1.95,307,301,6
2689,0.0,270,270,0
2690,2.15,326,319,7
2691,0.71,283,281,2
2692,0.0,314,314,0
2693,0.78,255,253,2
2694,0.72,278,276,2
2695,1.57,318,313,5
2696,0.0,83,83,0
2697,0.0,56,56,0
2698,5.0,100,95,5
2699,3.41,88,85,3
2700,1.06,94,93,1
2701,0.0,124,124,0
2702,3.33,30,29,1
2703,2.17,92,90,2
2704,0.95,105,104,1
2705,44.44,81,45,36
2706,3.06,98,95,3
2707,0.0,88,88,0
2708,2.02,99,97,2
2709,2.94,102,99,3
2710,0.81,124,123,1
2711,2.5,160,156,4
2712,0.85,118,117,1
2713,62.5,32,12,20
2714,0.99,101,100,1
2715,1.39,144,142,2
2716,1.42,141,139,2
2717,2.03,148,145,3
2718,6.06,132,124,8
2719,45.45,110,60,50
2720,0.0,164,164,0
2721,1.23,162,160,2
2722,0.0,146,146,0
2723,0.73,137,136,1
2724,2.5,40,39,1
2725,2.11,142,139,3
2726,0.0,120,120,0
2727,0.0,153,153,0
2728,1.64,183,180,3
2729,0.0,169,169,0
2730,0.0,132,132,0
2731,1.01,199,197,2
2732,3.47,173,167,6
2733,1.36,147,145,2
2734,0.0,189,189,0
2735,0.0,76,76,0
2736,0.0,189,189,0
2737,7.74,155,143,12
2738,0.63,158,157,1
2739,1.03,195,193,2
2740,0.67,150,149,1
2741,0.7,142,141,1
2742,0.0,156,156,0
2743,1.04,192,190,2
2744,1.97,152,149,3
2745,1.62,185,182,3
2746,7.02,57,53,4
2747,0.0,102,102,0
2748,1.23,163,161,2
2749,0.0,169,169,0
2750,3.27,214,207,7
2751,0.0,197,197,0
2752,0.0,167,167,0
2753,1.86,215,211,4
2754,1.01,199,197,2
2755,0.0,229,229,0
2756,1.21,165,163,2
2757,0.0,61,61,0
2758,1.09,184,182,2
2759,0.0,163,163,0
2760,0.47,213,212,1
2761,1.75,229,225,4
2762,3.65,192,185,7
2763,0.91,219,217,2
2764,0.0,186,186,0
2765,1.12,179,177,2
2766,0.0,164,164,0
2767,1.49,202,199,3
2768,0.0,95,95,0
2769,0.58,173,172,1
2770,0.42,240,239,1
2771,0.0,224,224,0
2772,0.87,231,229,2
2773,1.75,228,224,4
2774,2.25,222,217,5
2775,1.63,307,302,5
2776,1.46,206,203,3
2777,1.28,235,232,3
2778,1.37,219,216,3
2779,1.3,77,76,1
2780,1.82,220,216,4
2781,2.34,299,292,7
2782,0.46,219,218,1
2783,0.0,232,232,0
2784,0.0,185,185,0
2785,0.42,236,235,1
2786,1.98,252,247,5
2787,0.0,190,190,0
2788,9.96,271,244,27
2789,1.98,252,247,5
2791,0.0,14,14,0
2792,0.0,23,23,0
2793,0.0,65,65,0
2794,1.23,326,322,4
2795,2.64,265,258,7
2796,0.83,241,239,2
2797,0.0,257,257,0
2798,5.38,223,211,12
2799,0.84,238,236,2
2800,0.78,255,253,2
2801,1.7,235,231,4
2802,0.0,178,178,0
2803,1.92,260,255,5
2804,2.74,73,71,2
2805,0.89,224,222,2
2806,1.94,206,202,4
2807,1.64,244,240,4
2808,0.0,238,238,0
2809,0.0,262,262,0
2810,0.36,280,279,1
2811,0.0,306,306,0
2812,2.75,255,248,7
2813,0.81,246,244,2
2814,0.96,209,207,2
2815,87.04,54,7,47
2816,1.79,223,219,4
2817,1.57,254,250,4
2818,2.43,247,241,6
2819,0.46,218,217,1
2820,0.0,234,234,0
2821,0.0,250,250,0
2822,0.45,220,219,1
2823,0.0,247,247,0
2824,0.0,282,282,0
2825,0.0,282,282,0
2826,1.49,67,66,1
2827,1.06,282,279,3
2828,0.0,215,215,0
2829,0.98,204,202,2
2830,0.0,323,323,0
2831,0.66,305,303,2
2832,0.0,284,284,0
2833,0.0,173,173,0
2834,2.45,245,239,6
2835,1.45,276,272,4
2836,1.11,270,267,3
2837,44.74,76,42,34
2838,1.64,244,240,4
2839,0.0,264,264,0
2840,0.37,269,268,1
2841,0.96,311,308,3
2842,0.37,267,266,1
2843,1.92,260,255,5
2844,4.18,287,275,12
2845,0.0,290,290,0
2846,0.44,229,228,1
2847,0.94,319,316,3
2848,1.19,84,83,1
2849,2.76,326,317,9
2850,0.0,281,281,0
2851,15.15,99,84,15
2852,0.0,58,58,0
2853,1.08,93,92,1
2854,0.0,88,88,0
2855,6.25,32,30,2
2856,40.26,77,46,31
2857,94.59,74,4,70
2858,1.56,128,126,2
2859,21.69,83,65,18
2860,1.69,59,58,1
2861,2.04,98,96,2
2862,0.0,69,69,0
2863,0.0,103,103,0
2864,0.0,90,90,0
2865,4.8,125,119,6
2866,0.0,34,34,0
2867,0.0,116,116,0
2868,1.59,126,124,2
2869,0.0,113,113,0
2870,0.0,83,83,0
2871,46.74,92,49,43
2872,2.31,130,127,3
2873,93.62,94,6,88
2874,0.72,139,138,1
2875,2.31,173,169,4
2876,1.97,152,149,3
2877,42.37,59,34,25
2878,1.32,151,149,2
2879,0.69,145,144,1
2880,1.3,154,152,2
2881,0.0,129,129,0
2882,0.68,146,145,1
2883,4.9,143,136,7
2884,2.94,204,198,6
2885,0.71,140,139,1
2886,0.0,148,148,0
2887,0.76,132,131,1
2888,17.65,51,42,9
2889,0.0,154,154,0
2890,2.27,132,129,3
2891,0.0,156,156,0
2892,2.48,202,197,5
2893,4.26,188,180,8
2894,1.32,151,149,2
2895,0.0,167,167,0
2896,1.05,191,189,2
2897,0.0,187,187,0
2898,1.19,168,166,2
2899,40.62,32,19,13
2900,0.57,175,174,1
2901,0.0,197,197,0
2902,0.0,156,156,0
2903,3.23,186,180,6
2904,0.0,166,166,0
2905,0.0,180,180,0
2906,0.0,171,171,0
2907,1.06,189,187,2
2908,0.7,143,142,1
2909,0.48,209,208,1
2910,3.08,65,63,2
2911,0.0,177,177,0
2912,0.0,178,178,0
2913,1.3,154,152,2
2914,0.0,157,157,0
2915,1.2,166,164,2
2916,1.47,204,201,3
2917,0.38,265,264,1
2918,1.37,219,216,3
2919,1.14,176,174,2
2920,2.98,168,163,5
2921,21.43,84,66,18
2922,1.16,173,171,2
2923,0.0,212,212,0
2924,0.0,210,210,0
2925,3.6,250,241,9
2926,3.61,249,240,9
2927,0.0,175,175,0
2928,0.98,205,203,2
2929,1.59,126,124,2
2930,0.0,214,214,0
2931,0.63,159,158,1
2932,0.0,69,69,0
2933,0.45,221,220,1
2934,0.57,174,173,1
2935,39.64,275,166,109
2936,1.19,252,249,3
3000,0.0,213,213,0
3001,0.77,259,257,2
3002,1.46,205,202,3
3003,0.5,201,200,1
3004,1.08,186,184,2
3006,0.0,58,58,0
3007,11.11,54,48,6
3008,0.0,109,109,0
3009,6.38,94,88,6
3010,0.89,224,222,2
3011,0.0,250,250,0
3012,1.72,233,229,4
3013,3.0,333,323,10
3014,0.0,216,216,0
3015,0.37,268,267,1
3016,1.72,233,229,4
3017,2.65,302,294,8
3018,0.77,259,257,2
3019,0.0,265,265,0
3020,0.75,133,132,1
3021,0.32,315,314,1
3022,2.65,226,220,6
3023,2.29,306,299,7
3024,0.35,287,286,1
3025,0.0,347,347,0
3026,1.12,269,266,3
3027,0.76,264,262,2
3028,0.0,347,347,0
3029,1.16,86,85,1
3030,0.83,241,239,2
3031,0.85,118,117,1
3032,0.44,226,225,1
3033,0.64,313,311,2
3034,0.0,276,276,0
3035,1.15,348,344,4
3036,2.71,295,287,8
3037,0.0,295,295,0
3038,1.2,251,248,3
3039,0.0,273,273,0
3040,1.44,277,273,4
3041,0.36,274,273,1
3042,3.06,98,95,3
3043,0.0,259,259,0
3044,0.91,330,327,3
3045,0.0,259,259,0
3046,0.0,303,303,0
3047,3.76,319,307,12
3048,0.45,223,222,1
3049,1.85,324,318,6
3050,1.75,285,280,5
3051,1.67,360,354,6
3052,0.0,265,265,0
3053,2.06,97,95,2
3054,0.0,284,284,0
3055,2.02,347,340,7
3056,6.15,309,290,19
3057,0.0,242,242,0
3058,0.0,254,254,0
3059,1.68,297,292,5
3060,0.39,259,258,1
3061,1.49,268,264,4
3062,1.83,328,322,6
3063,0.0,265,265,0
3064,0.0,158,158,0
3065,0.62,321,319,2
3066,0.0,387,387,0
3067,0.0,300,300,0
3068,0.49,203,202,1
3069,0.0,227,227,0
3070,0.0,192,192,0
3071,1.64,365,359,6
3072,1.05,286,283,3
3073,0.37,273,272,1
3074,3.05,262,254,8
3075,0.0,144,144,0
3076,0.73,274,272,2
3077,1.69,355,349,6
3078,0.38,264,263,1
3079,1.65,303,298,5
3080,0.35,285,284,1
3081,1.1,362,358,4
3082,0.73,273,271,2
3083,0.76,397,394,3
3084,0.34,298,297,1
3085,1.58,253,249,4
3086,0.0,158,158,0
3087,0.9,334,331,3
3088,1.74,288,283,5
3089,1.22,329,325,4
3090,0.41,244,243,1
3091,0.42,237,236,1
3092,3.31,362,350,12
3093,1.54,324,319,5
3094,1.05,382,378,4
3095,1.06,379,375,4
3096,1.15,349,345,4
3097,0.0,54,54,0
3098,2.4,125,122,3
3099,0.26,381,380,1
3100,0.85,353,350,3
3101,1.38,289,285,4
3102,0.0,329,329,0
3103,0.89,338,335,3
3104,1.82,330,324,6
3105,3.07,293,284,9
3106,2.73,366,356,10
3107,0.0,95,95,0
3108,0.0,173,173,0
3109,0.0,125,125,0
3110,0.0,98,98,0
3111,0.0,139,139,0
3112,0.0,113,113,0
3113,5.16,155,147,8
3114,0.0,176,176,0
3115,0.66,152,151,1
3116,0.0,94,94,0
3117,1.36,147,145,2
3118,0.0,171,171,0
3119,0.0,170,170,0
3120,0.0,131,131,0
3121,0.45,221,220,1
3122,0.45,221,220,1
3123,1.98,202,198,4
3124,9.38,160,145,15
3125,0.0,250,250,0
3126,0.0,252,252,0
3127,0.0,58,58,0
3128,0.0,212,212,0
3129,0.0,156,156,0
3130,2.72,184,179,5
3131,0.52,191,190,1
3132,15.5,258,218,40
3133,0.0,230,230,0
3134,1.54,195,192,3
3135,0.0,198,198,0
3136,1.08,186,184,2
3137,0.9,223,221,2
3138,91.8,61,5,56
3139,0.0,203,203,0
3140,1.52,198,195,3
3141,0.0,204,204,0
3142,10.27,224,201,23
3143,0.95,210,208,2
3144,0.0,160,160,0
3145,0.0,160,160,0
3146,0.0,172,172,0
3147,2.2,182,178,4
3148,0.0,201,201,0
3149,41.1,73,43,30
3150,1.74,172,169,3
3151,0.0,176,176,0
3152,0.0,158,158,0
3153,6.37,204,191,13
3154,6.18,178,167,11
3155,2.03,197,193,4
3156,0.0,159,159,0
3157,0.38,265,264,1
3158,0.0,171,171,0
3159,0.0,275,275,0
3160,1.32,76,75,1
3161,0.87,231,229,2
3162,0.82,245,243,2
3163,0.44,225,224,1
3164,0.0,125,125,0
3165,0.48,209,208,1
3166,0.0,244,244,0
3167,0.0,258,258,0
3168,1.04,193,191,2
3169,1.28,156,154,2
3170,1.63,184,181,3
3171,0.0,78,78,0
3172,0.0,224,224,0
3173,0.85,235,233,2
3174,0.34,297,296,1
3175,0.43,234,233,1
3176,0.0,198,198,0
3177,1.61,248,244,4
3178,1.2,166,164,2
3179,0.0,124,124,0
3180,2.2,273,267,6
3181,1.6,188,185,3
3182,0.0,91,91,0
3183,0.0,240,240,0
3184,1.09,183,181,2
3185,0.0,223,223,0
3186,1.75,285,280,5
3187,1.12,267,264,3
3188,0.0,187,187,0
3189,0.0,225,225,0
3190,3.1,226,219,7
3191,0.0,221,221,0
3192,0.59,169,168,1
3195,0.0,73,73,0
3196,3.16,95,92,3
3197,0.74,135,134,1
3198,91.89,111,9,102
3199,0.8,125,124,1
3200,1.49,134,132,2
3201,0.65,155,154,1
3202,3.42,117,113,4
3203,0.63,159,158,1
3204,0.0,140,140,0
3205,0.0,165,165,0
3206,1.24,161,159,2
3207,0.0,99,99,0
3208,2.94,170,165,5
3209,46.04,139,75,64
3210,5.63,160,151,9
3211,0.68,147,146,1
3212,0.0,113,113,0
3213,2.02,198,194,4
3214,0.0,159,159,0
3215,1.52,132,130,2
3216,1.14,175,173,2
3217,5.45,165,156,9
3218,0.0,91,91,0
3219,2.79,179,174,5
3220,2.45,204,199,5
3221,1.08,185,183,2
3222,0.54,185,184,1
3223,2.44,205,200,5
3224,1.09,183,181,2
3225,1.52,197,194,3
3226,1.25,160,158,2
3227,0.53,187,186,1
3228,1.8,222,218,4
3229,3.06,98,95,3
3230,0.49,206,205,1
3231,1.25,240,237,3
3232,0.85,234,232,2
3233,1.29,233,230,3
3234,0.72,138,137,1
3235,0.0,245,245,0
3236,1.16,258,255,3
3237,2.11,237,232,5
3238,0.82,243,241,2
3239,0.39,255,254,1
3240,0.0,71,71,0
3241,0.38,264,263,1
3242,1.44,277,273,4
3243,1.8,222,218,4
3244,0.93,215,213,2
3245,0.45,224,223,1
3246,0.47,212,211,1
3247,0.83,240,238,2
3248,0.0,195,195,0
3249,2.52,238,232,6
3250,0.0,309,309,0
3251,0.0,141,141,0
3252,0.75,268,266,2
3253,8.91,303,276,27
3254,0.74,269,267,2
3255,0.84,237,235,2
3256,0.33,301,300,1
3257,0.33,301,300,1
3258,2.33,258,252,6
3259,1.11,270,267,3
3260,0.74,271,269,2
3261,0.64,313,311,2
3262,0.0,128,128,0
3263,0.66,301,299,2
3264,0.75,268,266,2
3265,0.41,246,245,1
3266,1.32,304,300,4
3267,1.17,257,254,3
3268,0.61,327,325,2
3269,0.84,238,236,2
3270,0.0,248,248,0
3271,1.28,313,309,4
3272,1.49,268,264,4
3273,4.08,98,94,4
3274,0.37,268,267,1
3275,1.1,273,270,3
3276,1.17,342,338,4
3277,1.74,288,283,5
3278,1.78,337,331,6
3279,0.0,391,391,0
3280,2.22,360,352,8
3281,0.69,288,286,2
3282,0.0,312,312,0
3283,0.73,275,273,2
3284,0.0,123,123,0
3285,15.38,78,66,12
3286,0.0,59,59,0
3287,0.0,84,84,0
3288,0.0,126,126,0
3289,2.56,117,114,3
3290,6.76,148,138,10
3291,4.04,99,95,4
3292,3.23,155,150,5
3293,4.67,150,143,7
3294,2.55,157,153,4
3295,0.0,109,109,0
3296,0.0,116,116,0
3297,1.8,111,109,2
3298,2.31,130,127,3
3299,0.66,152,151,1
3300,5.29,170,161,9
3301,0.67,150,149,1
3302,0.0,133,133,0
3303,3.63,193,186,7
3304,0.56,180,179,1
3305,0.68,148,147,1
3306,0.54,185,184,1
3307,0.64,157,156,1
3308,4.71,85,81,4
3309,2.13,188,184,4
3310,0.57,174,173,1
3311,0.0,217,217,0
3312,1.08,185,183,2
3313,1.24,161,159,2
3314,1.63,184,181,3
3315,0.0,198,198,0
3316,0.0,168,168,0
3317,2.97,202,196,6
3318,0.61,165,164,1
3319,12.16,74,65,9
3320,1.03,194,192,2
3321,1.33,150,148,2
3322,0.0,228,228,0
3323,0.57,175,174,1
3324,0.0,168,168,0
3325,2.27,264,258,6
3326,0.0,158,158,0
3327,1.6,188,185,3
3328,0.53,187,186,1
3329,1.05,191,189,2
3330,0.93,107,106,1
3331,2.63,190,185,5
3332,2.97,202,196,6
3333,2.75,218,212,6
3334,3.35,179,173,6
3335,2.26,221,216,5
3336,0.0,198,198,0
3337,2.03,197,193,4
3338,0.93,214,212,2
3339,1.13,265,262,3
3340,0.87,231,229,2
3341,1.01,99,98,1
3342,3.14,223,216,7
3343,0.0,252,252,0
3344,0.84,238,236,2
3345,0.5,202,201,1
3346,1.05,190,188,2
3347,0.51,197,196,1
3348,1.15,262,259,3
3349,0.47,213,212,1
3350,0.9,223,221,2
3351,0.79,254,252,2
3352,0.96,104,103,1
3353,0.0,252,252,0
3354,2.47,243,237,6
3355,0.0,243,243,0
3356,0.0,243,243,0
3357,0.57,348,346,2
3358,0.81,248,246,2
3359,1.09,367,363,4
3360,0.66,302,300,2
3361,0.0,230,230,0
3362,0.31,327,326,1
3363,0.99,101,100,1
3364,0.65,306,304,2
3365,0.4,248,247,1
3366,1.22,245,242,3
3367,55.91,313,138,175
3368,0.44,225,224,1
3369,0.41,244,243,1
3370,0.0,233,233,0
3371,2.14,281,275,6
3372,1.62,309,304,5
3373,0.97,310,307,3
3374,0.0,100,100,0
3375,0.37,267,266,1
3376,1.39,288,284,4
3377,3.42,292,282,10
3379,40.91,44,26,18
3380,6.25,64,60,4
3381,0.0,91,91,0
3382,0.92,327,324,3
3383,1.64,305,300,5
3384,0.35,284,283,1
3385,0.66,302,300,2
3386,1.34,298,294,4
3387,0.0,235,235,0
3388,10.58,359,321,38
3389,2.37,338,330,8
3390,0.33,300,299,1
3391,0.65,309,307,2
3392,0.71,140,139,1
3393,1.28,312,308,4
3394,5.17,271,257,14
3395,0.81,123,122,1
3396,0.82,122,121,1
3397,0.0,143,143,0
3398,1.99,151,148,3
3399,1.84,163,160,3
3400,0.0,132,132,0
3401,0.0,124,124,0
3402,0.0,144,144,0
3403,3.09,97,94,3
3404,0.0,171,171,0
3405,0.0,121,121,0
3406,2.07,145,142,3
3407,0.0,135,135,0
3408,0.79,126,125,1
3409,2.38,126,123,3
3410,0.0,171,171,0
3411,0.74,136,135,1
3412,1.23,163,161,2
3413,1.91,157,154,3
3414,3.7,108,104,4
3415,1.11,180,178,2
3416,0.0,142,142,0
3417,2.15,186,182,4
3418,1.6,187,184,3
3419,0.0,139,139,0
3420,1.69,177,174,3
3421,1.87,214,210,4
3422,49.66,147,74,73
3423,1.07,187,185,2
3424,1.1,181,179,2
3425,0.0,115,115,0
3426,0.61,164,163,1
3427,11.37,255,226,29
3428,1.69,177,174,3
3429,1.32,152,150,2
3430,0.0,201,201,0
3431,1.09,183,181,2
3432,1.69,236,232,4
3433,3.55,169,163,6
3434,1.19,168,166,2
3435,1.42,211,208,3
3436,0.0,124,124,0
3437,1.91,157,154,3
3438,0.0,208,208,0
3439,1.42,211,208,3
3440,0.0,201,201,0
3441,0.42,239,238,1
3442,1.36,220,217,3
3443,0.0,235,235,0
3444,1.77,282,277,5
3445,0.47,215,214,1
3446,0.0,201,201,0
3447,3.67,109,105,4
3448,0.0,264,264,0
3449,2.76,254,247,7
3450,0.51,196,195,1
3451,1.01,296,293,3
3452,0.38,263,262,1
3453,0.94,212,210,2
3454,1.09,274,271,3
3455,1.04,289,286,3
3456,0.97,206,204,2
3457,1.41,213,210,3
3458,3.67,109,105,4
3459,1.61,248,244,4
3460,0.0,271,271,0
3461,1.81,332,326,6
3462,0.0,256,256,0
3463,1.13,355,351,4
3464,1.14,175,173,2
3465,0.0,281,281,0
3466,1.19,335,331,4
3467,0.0,225,225,0
3468,0.0,242,242,0
3469,3.45,87,84,3
3470,1.53,261,257,4
3471,0.96,312,309,3
3472,0.32,311,310,1
3473,0.47,213,212,1
3474,2.32,259,253,6
3475,1.29,232,229,3
3476,0.43,230,229,1
3477,0.75,267,265,2
3478,1.27,237,234,3
3479,0.4,248,247,1
3480,0.84,119,118,1
3481,0.0,274,274,0
3482,0.58,344,342,2
3483,0.59,169,168,1
3484,1.15,262,259,3
3485,0.35,284,283,1
3486,0.43,231,230,1
3487,0.0,307,307,0
3488,1.03,290,287,3
3489,1.53,261,257,4
3490,0.62,320,318,2
3500,0.57,175,174,1
3501,1.05,95,94,1
3502,4.76,84,80,4
3503,3.37,89,86,3
3504,0.0,176,176,0
3505,0.75,265,263,2
3506,0.62,321,319,2
3507,0.0,202,202,0
3508,1.9,263,258,5
3509,1.75,228,224,4
3510,1.3,230,227,3
3511,1.26,238,235,3
3512,0.0,283,283,0
3513,5.37,205,194,11
3514,2.82,71,69,2
3515,0.0,204,204,0
3516,1.09,184,182,2
3517,2.25,267,261,6
3518,0.0,269,269,0
3519,3.08,195,189,6
3520,0.0,261,261,0
3521,0.0,208,208,0
3522,1.07,281,278,3
3523,0.0,188,188,0
3524,1.17,257,254,3
3525,16.67,72,60,12
3526,0.34,290,289,1
3527,0.0,218,218,0
3528,0.54,186,185,1
3529,0.0,290,290,0
3530,0.78,258,256,2
3531,0.75,134,133,1
3532,58.1,210,88,122
3533,0.8,251,249,2
3534,0.0,227,227,0
3535,9.96,231,208,23
3536,94.2,69,4,65
3537,0.0,224,224,0
3538,0.88,226,224,2
3539,1.19,335,331,4
3540,0.0,198,198,0
3541,0.71,280,278,2
3542,0.0,265,265,0
3543,0.0,231,231,0
3544,0.34,297,296,1
3545,0.0,244,244,0
3546,1.57,254,250,4
3547,50.91,55,27,28
3548,0.73,273,271,2
3549,1.35,222,219,3
3550,0.34,293,292,1
3551,0.0,286,286,0
3552,0.41,243,242,1
3553,1.44,278,274,4
3554,0.86,232,230,2
3555,0.6,334,332,2
3556,2.76,217,211,6
3557,0.5,202,201,1
3558,0.0,40,40,0
3559,0.95,211,209,2
3560,0.62,325,323,2
3561,0.0,286,286,0
3562,1.96,204,200,4
3563,0.45,222,221,1
3564,0.0,296,296,0
3565,0.43,235,234,1
3566,0.0,242,242,0
3567,1.35,223,220,3
3568,1.12,269,266,3
3569,7.35,68,63,5
3570,1.7,294,289,5
3571,2.33,301,294,7
3572,0.0,166,166,0
3573,2.16,139,136,3
3574,0.98,306,303,3
3575,0.0,273,273,0
3576,2.43,288,281,7
3577,0.27,365,364,1
3578,1.04,288,285,3
3579,7.65,196,181,15
3580,12.05,83,73,10
3581,0.0,268,268,0
3582,1.94,206,202,4
3583,0.85,234,232,2
3584,0.0,311,311,0
3585,0.48,207,206,1
3586,1.24,322,318,4
3587,0.0,345,345,0
3588,0.38,266,265,1
3589,0.7,286,284,2
3590,1.41,355,350,5
3591,0.0,108,108,0
3592,1.15,347,343,4
3593,0.63,318,316,2
3594,0.9,222,220,2
3595,1.73,346,340,6
3596,1.25,321,317,4
3597,0.0,353,353,0
3598,0.29,350,349,1
3599,1.26,239,236,3
3600,0.0,295,295,0
3601,1.12,267,264,3
3602,0.0,92,92,0
3603,0.39,256,255,1
3604,0.0,326,326,0
3605,1.83,327,321,6
3606,1.75,286,281,5
3607,1.68,358,352,6
3608,0.0,252,252,0
3609,1.24,241,238,3
3610,0.0,274,274,0
3611,0.32,313,312,1
3612,0.0,293,293,0
3613,0.0,31,31,0
3614,42.0,50,29,21
3615,1.36,294,290,4
3616,1.08,371,367,4
3617,0.75,266,264,2
3618,1.55,194,191,3
3619,1.18,338,334,4
3620,0.4,249,248,1
3621,0.83,242,240,2
3622,1.95,257,252,5
3623,0.31,327,326,1
3624,0.0,361,361,0
3625,0.0,92,92,0
3626,1.98,253,248,5
3627,83.29,347,58,289
3628,0.0,270,270,0
3629,1.44,277,273,4
3630,0.0,255,255,0
3631,2.06,339,332,7
3632,0.29,340,339,1
3633,0.3,335,334,1
3634,0.0,319,319,0
3635,0.97,206,204,2
3636,1.06,94,93,1
3637,0.71,283,281,2
3638,0.0,270,270,0
3639,0.0,329,329,0
3640,0.25,396,395,1
3641,0.84,239,237,2
3642,2.15,325,318,7
3643,0.4,253,252,1
3644,0.93,324,321,3
3645,0.6,332,330,2
3646,0.0,314,314,0
3647,1.2,167,165,2
3648,1.38,289,285,4
3649,0.79,380,377,3
3650,0.36,280,279,1
3651,1.33,225,222,3
3652,0.0,337,337,0
3653,0.0,275,275,0
3654,1.11,270,267,3
3655,2.34,342,334,8
3656,0.5,400,398,2
3657,4.37,252,241,11
3658,0.88,114,113,1
3659,0.99,304,301,3
3660,1.93,311,305,6
3661,0.0,362,362,0
3662,0.5,400,398,2
3663,2.19,320,313,7
3664,0.0,134,134,0
3665,3.33,120,116,4
3666,0.0,105,105,0
3667,0.71,141,140,1
3668,0.0,97,97,0
3669,75.0,32,8,24
3670,1.25,160,158,2
3671,0.0,153,153,0
3672,0.0,136,136,0
3673,0.85,118,117,1
3674,0.0,154,154,0
3675,0.98,204,202,2
3676,0.0,156,156,0
3677,0.0,151,151,0
3678,1.41,142,140,2
3679,0.0,245,245,0
3680,0.0,37,37,0
3681,0.0,245,245,0
3682,1.66,181,178,3
3683,0.0,106,106,0
3684,0.48,207,206,1
3685,0.58,172,171,1
3686,1.2,167,165,2
3687,95.16,124,6,118
3688,0.0,143,143,0
3689,0.0,177,177,0
3690,1.67,240,236,4
3691,1.85,54,53,1
3692,3.73,161,155,6
3693,1.59,189,186,3
3694,0.0,145,145,0
3695,2.07,241,236,5
3696,11.44,201,178,23
3697,3.0,233,226,7
3698,3.18,220,213,7
3699,0.97,207,205,2
3700,0.97,207,205,2
3701,0.0,175,175,0
3702,8.7,69,63,6
3703,0.49,203,202,1
3704,0.0,240,240,0
3705,0.0,226,226,0
3706,0.47,211,210,1
3707,0.45,223,222,1
3708,1.69,237,233,4
3709,2.09,239,234,5
3710,7.08,226,210,16
3711,0.86,233,231,2
3712,0.96,208,206,2
3713,1.37,73,72,1
3714,0.82,245,243,2
3715,0.0,252,252,0
3716,1.26,238,235,3
3717,0.0,193,193,0
3718,0.0,309,309,0
3719,1.38,217,214,3
3720,0.0,214,214,0
3721,0.93,214,212,2
3722,1.3,231,228,3
3723,0.0,187,187,0
3724,0.0,59,59,0
3725,0.0,261,261,0
3726,0.89,224,222,2
3727,1.95,256,251,5
3728,0.0,245,245,0
3729,0.0,270,270,0
3730,0.0,250,250,0
3731,0.0,209,209,0
3732,2.38,210,205,5
3733,1.5,266,262,4
3734,0.0,211,211,0
3735,3.8,79,76,3
3736,0.0,226,226,0
3737,3.25,277,268,9
3738,0.41,242,241,1
3739,1.7,235,231,4
3740,2.25,222,217,5
3741,0.91,220,218,2
3742,0.0,286,286,0
3743,0.0,177,177,0
3744,1.82,275,270,5
3745,0.0,268,268,0
3746,0.0,10,10,0
3747,0.0,51,51,0
3748,2.08,96,94,2
3749,0.0,195,195,0
3750,0.0,181,181,0
3751,0.75,266,264,2
3752,0.0,225,225,0
3753,1.36,295,291,4
3754,1.9,210,206,4
3755,0.0,251,251,0
3756,0.94,213,211,2
3757,0.77,260,258,2
3758,0.99,202,200,2
3759,88.16,76,9,67
3760,2.26,266,260,6
3761,0.81,247,245,2
3762,1.32,303,299,4
3763,0.92,217,215,2
3764,0.0,210,210,0
3765,0.39,257,256,1
3766,0.66,303,301,2
3767,1.27,237,234,3
3768,0.0,258,258,0
3769,0.0,223,223,0
3770,0.0,94,94,0
3771,0.94,319,316,3
3772,1.41,284,280,4
3773,0.43,231,230,1
3774,0.0,227,227,0
3775,0.83,242,240,2
3776,0.73,274,272,2
3777,1.32,302,298,4
3778,1.47,204,201,3
3779,0.0,270,270,0
3780,0.0,268,268,0
3781,3.23,93,90,3
3782,0.3,332,331,1
3783,0.35,288,287,1
3784,0.0,259,259,0
3785,0.29,349,348,1
3786,0.0,206,206,0
3787,0.81,248,246,2
3788,1.15,261,258,3
3789,0.52,191,190,1
3790,1.21,247,244,3
3791,0.0,239,239,0
3792,0.0,87,87,0
3793,0.0,259,259,0
3794,0.0,213,213,0
3795,0.0,199,199,0
3796,0.48,207,206,1
3797,0.0,181,181,0
3798,0.39,258,257,1
3799,0.0,338,338,0
3800,0.36,275,274,1
3801,3.12,256,248,8
3802,0.44,228,227,1
3803,1.54,65,64,1
3804,1.97,254,249,5
3805,0.53,189,188,1
3806,1.2,251,248,3
3807,0.74,269,267,2
3808,0.64,314,312,2
3809,0.0,333,333,0
3810,0.92,217,215,2
3811,1.15,348,344,4
3812,0.96,314,311,3
3813,9.06,287,261,26
3814,0.0,86,86,0
3815,0.0,316,316,0
3816,0.67,298,296,2
3817,1.71,234,230,4
3818,0.43,230,229,1
3819,1.94,310,304,6
3820,1.71,293,288,5
3821,0.64,314,312,2
3822,1.35,222,219,3
3823,2.36,297,290,7
3824,1.19,336,332,4
3825,1.02,98,97,1
3826,0.6,336,334,2
3827,0.0,216,216,0
3828,0.0,250,250,0
3829,1.44,208,205,3
3830,1.3,307,303,4
3831,0.32,308,307,1
3832,0.3,329,328,1
3833,1.93,362,355,7
3834,0.62,323,321,2
3835,1.21,247,244,3
3836,2.7,74,72,2
3837,1.3,231,228,3
3838,1.62,185,182,3
3839,0.54,369,367,2
3840,1.04,192,190,2
3841,1.0,301,298,3
3842,1.32,302,298,4
3843,0.0,284,284,0
3844,0.0,247,247,0
3845,0.36,281,280,1
3846,0.74,271,269,2
3847,6.09,115,108,7
3848,0.0,262,262,0
3849,0.66,302,300,2
3850,1.12,356,352,4
3851,1.06,376,372,4
3852,0.68,148,147,1
3853,0.64,311,309,2
3854,0.68,293,291,2
3855,1.21,331,327,4
3856,1.73,289,284,5
3857,1.95,359,352,7
3858,46.88,32,17,15
3859,2.52,119,116,3
3860,0.0,259,259,0
3861,1.95,307,301,6
3862,2.2,273,267,6
3863,0.43,234,233,1
3864,0.0,295,295,0
3865,0.35,284,283,1
3866,0.0,282,282,0
3867,0.0,277,277,0
3868,0.0,363,363,0
3869,0.0,239,239,0
3870,2.88,104,101,3
3871,0.0,204,204,0
3872,0.0,240,240,0
3873,3.75,293,282,11
3874,1.13,353,349,4
3875,0.66,303,301,2
3876,2.05,390,382,8
3877,0.0,321,321,0
3878,0.0,333,333,0
3879,1.0,300,297,3
3880,0.41,244,243,1
3881,2.42,124,121,3
3882,0.79,380,377,3
3883,1.0,301,298,3
3884,1.34,298,294,4
3885,0.3,338,337,1
3886,0.0,193,193,0
3887,0.0,378,378,0
3888,1.6,250,246,4
3889,0.3,330,329,1
3890,1.44,348,343,5
3891,0.62,324,322,2
3892,0.0,142,142,0
3893,1.08,370,366,4
3894,0.31,321,320,1
3895,0.62,320,318,2
3896,0.92,326,323,3
3897,0.97,308,305,3
3898,2.27,88,86,2
3899,92.68,82,6,76
3900,1.03,97,96,1
3901,1.43,140,138,2
3902,0.0,101,101,0
3903,0.87,115,114,1
3904,100.0,43,0,43
3905,0.78,128,127,1
3906,2.63,114,111,3
3907,0.0,139,139,0
3908,1.02,98,97,1
3909,10.67,178,159,19
3910,10.12,168,151,17
3911,10.12,168,151,17
3912,1.69,177,174,3
3913,0.79,126,125,1
3914,0.0,174,174,0
3915,90.2,51,5,46
3916,0.0,163,163,0
3917,0.0,163,163,0
3918,0.53,188,187,1
3919,0.0,199,199,0
3920,0.0,150,150,0
3921,0.67,150,149,1
3922,0.0,182,182,0
3923,0.45,223,222,1
3924,1.47,204,201,3
3925,0.0,203,203,0
3926,1.22,82,81,1
3927,0.67,150,149,1
3928,1.36,220,217,3
3929,0.0,207,207,0
3930,0.51,195,194,1
3931,5.26,133,126,7
3932,1.59,126,124,2
3933,0.0,207,207,0
3934,1.29,155,153,2
3935,0.51,198,197,1
3936,0.49,205,204,1
3937,2.99,67,65,2
3938,8.33,144,132,12
3939,44.93,138,76,62
3940,0.0,116,116,0
3941,1.02,196,194,2
3942,0.75,267,265,2
3943,3.55,169,163,6
3944,0.4,252,251,1
3945,1.16,172,170,2
3946,0.0,146,146,0
3947,1.85,162,159,3
3948,0.0,84,84,0
3949,0.38,263,262,1
3950,0.0,238,238,0
3951,2.11,237,232,5
3952,0.45,220,219,1
3953,0.85,236,234,2
3954,1.77,226,222,4
3955,0.0,284,284,0
3956,0.0,184,184,0
3957,2.17,138,135,3
3958,0.0,198,198,0
3959,1.75,57,56,1
3960,1.57,191,188,3
3961,1.48,135,133,2
3962,0.0,267,267,0
3963,7.88,203,187,16
3964,0.0,236,236,0
3965,0.0,163,163,0
3966,1.31,153,151,2
3967,0.0,185,185,0
3968,0.0,234,234,0
3969,0.73,275,273,2
3970,4.35,92,88,4
3971,0.0,216,216,0
3972,1.05,191,189,2
3973,0.0,246,246,0
3974,0.38,261,260,1
3975,0.4,248,247,1
3979,1.16,258,255,3
3980,3.44,349,337,12
3981,0.75,267,265,2
3982,0.0,195,195,0
3983,6.13,212,199,13
3984,0.0,174,174,0
3985,1.92,313,307,6
3986,2.17,323,316,7
3987,0.0,345,345,0
3988,1.18,339,335,4
3989,0.0,245,245,0
3990,0.62,322,320,2
3991,0.65,308,306,2
3992,0.0,246,246,0
3993,0.82,245,243,2
3994,1.31,229,226,3
3995,0.46,218,217,1
3996,0.0,299,299,0
3997,7.84,255,235,20
3998,1.28,235,232,3
3999,0.0,125,125,0
4000,0.67,150,149,1
4001,1.52,66,65,1
4002,91.8,61,5,56
4003,0.0,351,351,0
4004,33.98,359,237,122
4005,33.98,359,237,122
4006,33.89,360,238,122
4008,33.89,360,238,122
4010,33.8,361,239,122
4011,33.98,359,237,122
4013,1.61,62,61,1
4014,0.0,58,58,0
4015,0.0,72,72,0
4016,0.85,236,234,2
4017,70.87,230,67,163
4018,0.0,197,197,0
4019,0.74,269,267,2
4020,0.35,285,284,1
4021,0.0,263,263,0
4022,1.03,194,192,2
4023,0.51,196,195,1
4024,0.0,290,290,0
4025,0.0,272,272,0
4026,0.0,85,85,0
4027,0.0,259,259,0
4028,0.0,242,242,0
4029,1.11,271,268,3
4030,0.83,241,239,2
4031,2.21,271,265,6
4032,0.0,242,242,0
4033,1.3,230,227,3
4034,0.0,202,202,0
4035,0.0,274,274,0
4036,0.0,297,297,0
4037,5.26,133,126,7
4038,2.02,248,243,5
4039,0.0,204,204,0
4040,2.24,268,262,6
4041,3.0,233,226,7
4042,0.68,294,292,2
4043,4.23,355,340,15
4044,0.0,262,262,0
4045,0.0,219,219,0
4046,0.35,289,288,1
4047,0.36,275,274,1
4048,0.0,88,88,0
4049,0.81,248,246,2
4050,0.0,202,202,0
4051,0.87,230,228,2
4052,0.82,243,241,2
4053,0.47,214,213,1
4054,1.12,178,176,2
4055,0.34,293,292,1
4056,1.09,275,272,3
4057,0.0,278,278,0
4058,0.43,233,232,1
4059,3.23,93,90,3
4060,0.0,259,259,0
4061,1.43,280,276,4
4062,0.96,312,309,3
4063,0.42,236,235,1
4064,0.43,234,233,1
4065,0.0,291,291,0
4066,0.0,259,259,0
4067,0.0,286,286,0
4068,0.0,258,258,0
4069,0.54,370,368,2
4070,1.43,140,138,2
4071,1.29,311,307,4
4072,0.35,288,287,1
4073,1.98,253,248,5
4074,2.17,276,270,6
4075,0.0,256,256,0
4076,3.85,234,225,9
4077,0.0,287,287,0
4078,0.0,276,276,0
4079,0.0,223,223,0
4080,7.43,296,274,22
4081,5.31,113,107,6
4082,39.66,237,143,94
4083,1.45,276,272,4
4084,0.0,268,268,0
4085,7.93,227,209,18
4086,1.5,267,263,4
4087,0.4,248,247,1
4088,1.75,228,224,4
4089,0.77,260,258,2
4090,1.1,273,270,3
4091,0.0,289,289,0
4092,0.0,125,125,0
4093,0.95,210,208,2
4094,0.0,258,258,0
4095,2.34,342,334,8
4096,1.09,276,273,3
4097,2.41,291,284,7
4098,1.02,295,292,3
4099,0.73,275,273,2
4100,0.73,274,272,2
4101,0.83,361,358,3
4102,0.37,272,271,1
4103,95.65,69,3,66
4104,0.0,231,231,0
4105,0.0,263,263,0
4106,1.55,322,317,5
4107,0.0,220,220,0
4108,0.64,314,312,2
4109,0.0,257,257,0
4110,0.0,277,277,0
4111,0.0,308,308,0
4112,1.91,262,257,5
4113,0.84,239,237,2
4114,0.0,106,106,0
4115,0.0,309,309,0
4116,0.0,262,262,0
4117,2.23,359,351,8
4118,1.49,268,264,4
4119,1.42,282,278,4
4120,0.0,317,317,0
4121,0.0,265,265,0
4122,0.58,347,345,2
4123,0.0,271,271,0
4124,0.0,268,268,0
4125,0.0,67,67,0
4126,0.0,121,121,0
4127,0.0,279,279,0
4128,0.73,274,272,2
4129,0.0,196,196,0
4130,0.55,363,361,2
4131,0.67,299,297,2
4132,1.44,278,274,4
4133,0.0,271,271,0
4134,0.0,225,225,0
4135,51.52,328,159,169
4136,1.09,276,273,3
4137,1.79,168,165,3
4138,0.0,272,272,0
4139,0.62,325,323,2
4140,0.74,272,270,2
4141,1.83,327,321,6
4142,0.69,289,287,2
4143,0.0,334,334,0
4144,0.0,351,351,0
4145,1.4,285,281,4
4146,0.8,251,249,2
4147,1.71,234,230,4
4148,2.78,144,140,4
4149,0.55,366,364,2
4150,0.0,280,280,0
4151,1.2,249,246,3
4152,0.0,326,326,0
4153,1.11,359,355,4
4154,0.0,266,266,0
4155,1.17,257,254,3
4156,0.42,238,237,1
4157,1.5,333,328,5
4158,2.1,143,140,3
4159,1.85,271,266,5
4160,0.48,416,414,2
4161,0.58,344,342,2
4162,0.0,261,261,0
4163,0.89,338,335,3
4164,0.0,158,158,0
4165,0.0,152,152,0
4166,0.0,116,116,0
4167,0.55,181,180,1
4168,0.0,148,148,0
4169,1.16,173,171,2
4170,0.0,88,88,0
4171,0.4,247,246,1
4172,0.47,214,213,1
4173,2.7,148,144,4
4174,1.06,189,187,2
4175,1.8,167,164,3
4176,1.24,161,159,2
4177,0.0,157,157,0
4178,0.0,174,174,0
4179,0.0,158,158,0
4180,2.27,176,172,4
4181,0.0,86,86,0
4182,10.96,219,195,24
4183,0.0,137,137,0
4184,1.1,181,179,2
4185,0.65,153,152,1
4186,0.0,175,175,0
4187,0.0,156,156,0
4188,1.22,164,162,2
4189,6.17,162,152,10
4190,0.95,211,209,2
4191,2.59,193,188,5
4192,0.0,80,80,0
4193,0.64,157,156,1
4194,1.47,136,134,2
4195,1.91,209,205,4
4196,0.0,189,189,0
4197,1.08,186,184,2
4198,0.0,196,196,0
4199,1.31,153,151,2
4200,0.0,146,146,0
4201,0.48,208,207,1
4202,1.01,198,196,2
4203,0.0,117,117,0
4204,0.98,204,202,2
4205,0.96,209,207,2
4206,0.0,123,123,0
4207,0.0,164,164,0
4208,0.9,221,219,2
4209,1.85,162,159,3
4210,0.0,224,224,0
4211,0.49,203,202,1
4212,0.47,214,213,1
4213,0.0,122,122,0
4214,0.41,246,245,1
4215,0.6,167,166,1
4216,1.2,166,164,2
4217,0.0,189,189,0
4218,1.98,252,247,5
4219,2.26,221,216,5
4220,0.47,212,211,1
4221,0.95,211,209,2
4222,0.0,224,224,0
4223,0.97,206,204,2
4224,1.22,82,81,1
4225,0.82,244,242,2
4226,0.0,187,187,0
4227,2.88,208,202,6
4228,9.22,206,187,19
4229,0.0,191,191,0
4230,0.0,202,202,0
4231,0.35,286,285,1
4232,0.0,140,140,0
4233,1.44,208,205,3
4234,1.92,208,204,4
4235,0.0,98,98,0
4236,1.21,165,163,2
4237,0.98,205,203,2
4238,0.61,164,163,1
4239,0.0,263,263,0
4240,2.12,189,185,4
4241,1.01,198,196,2
4242,1.3,154,152,2
4243,1.04,193,191,2
4244,0.98,204,202,2
4245,1.47,273,269,4
4246,33.98,359,237,122
4247,69.52,315,96,219
4248,69.52,315,96,219
4249,69.52,315,96,219
4250,34.48,29,19,10
4251,78.05,41,9,32
4252,1.39,72,71,1
4253,0.53,190,189,1
4254,0.94,213,211,2
4255,0.48,209,208,1
4256,1.69,295,290,5
4257,0.0,216,216,0
4258,1.63,245,241,4
4259,0.55,183,182,1
4260,0.78,256,254,2
4261,2.34,214,209,5
4262,0.76,262,260,2
4263,0.0,86,86,0
4264,0.0,241,241,0
4265,0.0,256,256,0
4266,0.74,270,268,2
4267,0.91,219,217,2
4268,1.22,245,242,3
4269,0.0,209,209,0
4270,0.0,229,229,0
4271,0.0,251,251,0
4272,0.0,214,214,0
4273,0.47,212,211,1
4274,0.0,109,109,0
4275,1.68,238,234,4
4276,0.0,290,290,0
4277,0.0,204,204,0
4278,0.0,289,289,0
4279,1.46,206,203,3
4280,1.29,311,307,4
4281,0.0,285,285,0
4282,0.45,224,223,1
4283,1.44,278,274,4
4284,0.0,246,246,0
4285,0.0,69,69,0
4286,0.42,240,239,1
4287,0.0,255,255,0
4288,0.0,186,186,0
4289,0.95,210,208,2
4290,0.46,217,216,1
4291,0.0,287,287,0
4292,0.9,222,220,2
4293,0.0,224,224,0
4294,5.23,287,272,15
4295,0.0,324,324,0
4296,0.95,105,104,1
4297,0.35,287,286,1
4298,1.71,293,288,5
4299,0.8,250,248,2
4300,0.8,249,247,2
4301,0.74,269,267,2
4302,1.23,324,320,4
4303,2.14,280,274,6
4304,0.0,191,191,0
4305,0.45,220,219,1
4306,1.64,244,240,4
4307,2.0,100,98,2
4308,0.93,216,214,2
4309,0.38,262,261,1
4310,0.34,296,295,1
4311,0.0,308,308,0
4312,0.76,262,260,2
4313,0.0,266,266,0
4314,0.37,267,266,1
4315,0.0,289,289,0
4316,0.0,266,266,0
4317,1.35,296,292,4
4318,4.55,66,63,3
4319,0.0,307,307,0
4320,0.7,284,282,2
4321,6.41,234,219,15
4322,0.0,191,191,0
4323,0.0,188,188,0
4324,1.09,276,273,3
4325,0.0,246,246,0
4326,0.74,271,269,2
4327,0.0,286,286,0
4328,0.33,302,301,1
4329,0.0,90,90,0
4330,0.0,261,261,0
4331,0.31,322,321,1
4332,0.0,299,299,0
4333,2.2,273,267,6
4334,0.34,291,290,1
4335,1.64,305,300,5
4336,0.0,252,252,0
4337,0.0,230,230,0
4338,0.0,303,303,0
4339,97.06,102,3,99
4340,1.5,267,263,4
4341,1.66,241,237,4
4342,0.61,326,324,2
4343,0.39,255,254,1
4344,0.83,241,239,2
4345,0.56,357,355,2
4346,0.0,231,231,0
4347,1.21,248,245,3
4348,0.35,284,283,1
4349,1.56,256,252,4
4350,0.0,111,111,0
4351,0.0,227,227,0
4352,1.81,331,325,6
4353,0.39,259,258,1
4354,0.0,251,251,0
4355,0.0,397,397,0
4356,0.71,281,279,2
4357,0.0,241,241,0
4358,0.29,340,339,1
4359,0.0,309,309,0
4360,0.0,287,287,0
4361,0.0,79,79,0
4362,45.1,102,56,46
4363,1.25,320,316,4
4364,0.0,238,238,0
4365,0.35,288,287,1
4366,2.19,365,357,8
4367,2.13,235,230,5
4368,1.53,327,322,5
4369,0.0,261,261,0
4370,0.65,307,305,2
4371,0.33,303,302,1
4372,0.0,327,327,0
4373,2.59,116,113,3
4374,6.71,298,278,20
4375,0.8,251,249,2
4376,0.67,300,298,2
4377,0.41,246,245,1
4378,2.31,303,296,7
4379,0.0,266,266,0
4380,0.0,269,269,0
4381,0.0,276,276,0
4382,2.45,327,319,8
4383,0.35,289,288,1
4384,0.0,94,94,0
4385,0.0,304,304,0
4386,0.0,239,239,0
4387,0.6,331,329,2
4388,1.74,402,395,7
4389,0.55,365,363,2
4390,0.0,300,300,0
4391,1.24,242,239,3
4392,1.19,335,331,4
4393,0.0,288,288,0
4394,1.69,414,407,7
4395,1.01,99,98,1
4396,0.57,350,348,2
4397,0.0,275,275,0
4398,1.06,284,281,3
4399,1.06,284,281,3
4400,1.09,275,272,3
4401,0.0,325,325,0
4402,0.32,309,308,1
4403,0.93,321,318,3
4404,0.65,307,305,2
4405,0.67,298,296,2
4406,0.86,116,115,1
4407,0.0,303,303,0
4408,0.57,349,347,2
4409,0.9,335,332,3
4410,0.0,264,264,0
4411,3.45,290,280,10
4412,0.0,369,369,0
4413,1.53,261,257,4
4414,1.75,342,336,6
4415,1.08,278,275,3
4416,0.0,306,306,0
4417,0.0,161,161,0
4418,1.06,379,375,4
4419,0.35,288,287,1
4420,45.16,93,51,42
4421,1.39,144,142,2
4422,4.92,122,116,6
4423,1.22,164,162,2
4424,93.75,48,3,45
4425,5.04,119,113,6
4426,7.8,141,130,11
4427,0.47,212,211,1
4428,0.0,117,117,0
4429,0.0,130,130,0
4430,0.63,158,157,1
4431,0.0,136,136,0
4432,1.38,217,214,3
4433,0.0,125,125,0
4434,2.86,140,136,4
4435,0.0,57,57,0
4436,6.94,173,161,12
4437,2.56,195,190,5
4438,0.0,131,131,0
4439,0.68,147,146,1
4440,0.0,120,120,0
4441,0.76,132,131,1
4442,1.13,177,175,2
4443,0.0,174,174,0
4444,0.53,187,186,1
4445,0.97,207,205,2
4446,6.52,92,86,6
4447,0.45,221,220,1
4448,0.94,212,210,2
4449,11.33,203,180,23
4450,1.1,182,180,2
4451,0.0,170,170,0
4452,1.74,230,226,4
4453,44.29,140,78,62
4454,0.0,139,139,0
4455,1.24,241,238,3
4456,0.0,187,187,0
4457,0.0,67,67,0
4458,0.45,220,219,1
4459,3.2,219,212,7
4460,0.5,201,200,1
4461,0.0,156,156,0
4462,0.51,196,195,1
4463,4.42,181,173,8
4464,0.45,222,221,1
4465,0.0,234,234,0
4466,1.9,158,155,3
4467,0.83,240,238,2
4468,0.0,89,89,0
4469,0.0,195,195,0
4470,0.0,252,252,0
4471,1.4,215,212,3
4472,2.8,143,139,4
4473,2.49,241,235,6
4474,0.0,219,219,0
4475,1.33,150,148,2
4476,0.0,228,228,0
4477,1.95,257,252,5
4478,0.72,278,276,2
4479,0.0,205,205,0
4480,0.4,247,246,1
4481,0.94,212,210,2
4482,0.0,149,149,0
4483,0.0,239,239,0
4484,0.0,230,230,0
4485,1.8,278,273,5
4486,1.91,209,205,4
4487,13.24,219,190,29
4488,1.14,264,261,3
4489,0.99,202,200,2
4490,0.42,239,238,1
4491,12.55,231,202,29
4492,0.0,204,204,0
4493,0.91,220,218,2
4494,3.19,282,273,9
4495,0.0,168,168,0
4496,1.05,190,188,2
4497,0.84,238,236,2
4498,72.97,37,10,27
4499,4.44,45,43,2
4500,33.33,18,12,6
4501,0.58,172,171,1
4502,0.69,145,144,1
4503,0.0,205,205,0
4504,0.0,122,122,0
4505,0.49,203,202,1
4506,3.33,150,145,5
4507,3.45,58,56,2
4508,1.55,193,190,3
4509,0.91,219,217,2
4510,1.15,174,172,2
4511,0.0,235,235,0
4512,2.01,199,195,4
4513,4.85,227,216,11
4514,0.0,163,163,0
4515,0.45,221,220,1
4516,1.41,213,210,3
4517,0.0,224,224,0
4518,0.0,55,55,0
4519,2.24,223,218,5
4520,1.13,177,175,2
4521,47.06,153,81,72
4522,0.68,147,146,1
4523,0.0,221,221,0
4524,1.49,202,199,3
4525,0.0,223,223,0
4526,2.55,235,229,6
4527,0.39,258,257,1
4528,1.57,254,250,4
4529,95.31,64,3,61
4530,0.0,177,177,0
4531,0.0,212,212,0
4532,0.44,228,227,1
4533,3.16,190,184,6
4534,1.3,230,227,3
4535,0.0,180,180,0
4536,1.28,235,232,3
4537,0.34,291,290,1
4538,1.27,236,233,3
4539,0.38,263,262,1
4540,0.0,64,64,0
4541,0.4,247,246,1
4542,0.52,192,191,1
4543,0.0,160,160,0
4544,2.43,206,201,5
4545,0.0,269,269,0
4546,0.0,219,219,0
4547,0.5,199,198,1
4548,0.0,226,226,0
4549,1.23,244,241,3
4550,0.31,321,320,1
4551,4.17,72,69,3
4552,0.0,291,291,0
4553,0.76,264,262,2
4554,0.37,273,272,1
4555,0.0,184,184,0
4556,2.51,279,272,7
4557,2.88,278,270,8
4558,0.0,259,259,0
4559,0.42,239,238,1
4560,4.66,279,266,13
4561,0.69,291,289,2
4565,0.0,44,44,0
4566,0.0,12,12,0
4567,0.9,111,110,1
4568,1.05,287,284,3
4569,0.0,197,197,0
4570,1.33,225,222,3
4571,0.93,215,213,2
4572,0.36,280,279,1
4573,1.68,179,176,3
4574,0.36,275,274,1
4575,0.95,211,209,2
4576,1.04,289,286,3
4577,0.3,337,336,1
4578,8.22,73,67,6
4579,0.41,242,241,1
4580,0.45,223,222,1
4581,0.0,314,314,0
4582,0.78,257,255,2
4583,0.0,302,302,0
4584,1.9,211,207,4
4585,0.66,304,302,2
4586,0.0,100,100,0
4587,0.64,314,312,2
4588,0.0,277,277,0
4589,0.0,75,75,0
4590,0.0,295,295,0
4591,0.77,260,258,2
4592,0.0,266,266,0
4593,1.4,286,282,4
4594,1.02,295,292,3
4595,3.61,249,240,9
4596,0.0,243,243,0
4597,1.61,310,305,5
4598,0.43,230,229,1
4599,1.45,207,204,3
4600,0.84,119,118,1
4601,0.0,223,223,0
4602,0.0,215,215,0
4603,1.26,239,236,3
4604,0.35,287,286,1
4605,0.81,370,367,3
4606,0.59,340,338,2
4607,0.0,292,292,0
4608,0.52,385,383,2
4609,1.56,256,252,4
4610,0.0,295,295,0
4611,0.0,80,80,0
4612,0.0,251,251,0
4613,0.0,314,314,0
4614,0.0,169,169,0
4615,0.28,354,353,1
4616,1.28,234,231,3
4617,0.0,289,289,0
4618,0.3,331,330,1
4619,0.0,184,184,0
4620,0.26,382,381,1
4621,1.32,304,300,4
4622,0.0,90,90,0
4623,0.37,273,272,1
4624,0.66,302,300,2
4625,0.4,251,250,1
4626,0.0,252,252,0
4627,0.0,270,270,0
4628,1.0,200,198,2
4629,0.0,278,278,0
4630,0.37,270,269,1
4631,0.0,206,206,0
4632,2.27,308,301,7
4633,0.0,112,112,0
4634,0.0,377,377,0
4635,1.69,295,290,5
4636,0.58,342,340,2
4637,0.0,284,284,0
4638,0.86,350,347,3
4639,0.0,242,242,0
4640,0.0,304,304,0
4641,1.19,337,333,4
4642,0.0,217,217,0
4643,0.0,311,311,0
4644,2.83,106,103,3
4645,0.78,257,255,2
4646,0.0,357,357,0
4647,0.72,416,413,3
4648,1.05,285,282,3
4649,0.0,292,292,0
4650,1.1,362,358,4
4651,0.29,341,340,1
4652,3.41,264,255,9
4653,7.17,279,259,20
4654,0.0,351,351,0
4655,0.0,105,105,0
4656,0.0,271,271,0
4657,1.62,371,365,6
4658,0.55,366,364,2
4659,0.6,335,333,2
4660,0.62,322,320,2
4661,1.19,252,249,3
4662,0.58,346,344,2
4663,1.03,292,289,3
4664,0.0,268,268,0
4665,1.03,292,289,3
4666,84.55,110,17,93
4667,4.26,376,360,16
4668,0.0,278,278,0
4669,4.12,291,279,12
4670,0.52,383,381,2
4671,0.38,261,260,1
4672,2.58,349,340,9
4673,1.8,333,327,6
4674,3.66,328,316,12
4675,0.0,37,37,0
4676,1.87,107,105,2
4677,0.0,130,130,0
4678,0.78,128,127,1
4679,0.7,142,141,1
4680,0.0,115,115,0
4681,0.7,142,141,1
4682,0.0,102,102,0
4683,2.0,100,98,2
4684,0.0,116,116,0
4685,0.0,135,135,0
4686,3.51,57,55,2
4687,0.83,120,119,1
4688,0.0,129,129,0
4689,1.02,98,97,1
4690,2.44,123,120,3
4691,4.44,135,129,6
4692,44.55,110,61,49
4693,2.61,153,149,4
4694,0.78,129,128,1
4695,0.0,139,139,0
4696,1.57,127,125,2
4697,0.0,40,40,0
4698,0.0,132,132,0
4699,1.47,136,134,2
4700,11.17,179,159,20
4701,0.7,142,141,1
4702,0.56,180,179,1
4703,0.0,121,121,0
4704,0.74,135,134,1
4705,0.0,148,148,0
4706,4.98,201,191,10
4707,0.0,221,221,0
4708,1.69,59,58,1
4709,1.38,218,215,3
4710,1.97,152,149,3
4711,1.39,144,142,2
4712,4.51,133,127,6
4713,0.92,217,215,2
4714,1.12,179,177,2
4715,0.49,206,205,1
4716,0.0,228,228,0
4717,0.0,168,168,0
4718,0.0,194,194,0
4719,3.17,63,61,2
4720,0.51,195,194,1
4721,1.19,168,166,2
4722,1.0,200,198,2
4723,0.49,203,202,1
4724,0.0,185,185,0
4725,0.0,120,120,0
4726,2.44,205,200,5
4727,0.0,211,211,0
4728,1.06,189,187,2
4729,0.0,214,214,0
4730,21.18,85,67,18
4731,2.64,227,221,6
4732,2.68,224,218,6
4733,0.0,172,172,0
4734,1.4,214,211,3
4735,0.93,216,214,2
4736,12.77,235,205,30
4737,2.01,199,195,4
4738,0.64,157,156,1
4739,1.22,164,162,2
4740,0.0,240,240,0
4741,1.85,54,53,1
4742,1.71,234,230,4
4743,0.0,222,222,0
4744,1.18,170,168,2
4745,0.0,280,280,0
4746,1.75,229,225,4
4747,1.2,249,246,3
4748,0.0,192,192,0
4749,2.33,215,210,5
4750,3.5,257,248,9
4751,0.46,218,217,1
4752,0.0,71,71,0
4753,0.0,245,245,0
4754,0.0,246,246,0
4755,0.93,323,320,3
4756,4.64,280,267,13
4757,0.0,261,261,0
4758,4.85,268,255,13
4759,1.2,250,247,3
4760,1.59,252,248,4
4761,0.52,191,190,1
4762,2.95,305,296,9
4765,0.0,17,17,0
4766,9.68,31,28,3
4767,1.54,65,64,1
4768,0.0,207,207,0
4769,0.0,149,149,0
4770,1.77,283,278,5
4771,1.8,222,218,4
4772,0.0,294,294,0
4773,1.45,276,272,4
4774,1.41,284,280,4
4775,1.41,213,210,3
4776,2.86,245,238,7
4777,0.42,236,235,1
4778,1.03,97,96,1
4779,0.39,257,256,1
4780,3.6,222,214,8
4781,0.76,262,260,2
4782,0.0,272,272,0
4783,0.0,121,121,0
4784,0.5,202,201,1
4785,3.56,281,271,10
4786,5.2,250,237,13
4787,1.23,244,241,3
4788,0.56,180,179,1
4789,96.59,88,3,85
4790,0.0,231,231,0
4791,0.0,316,316,0
4792,0.0,281,281,0
4793,0.43,230,229,1
4794,0.0,245,245,0
4795,0.0,221,221,0
4796,0.76,262,260,2
4797,0.32,315,314,1
4798,1.78,225,221,4
4799,0.77,261,259,2
4800,0.0,125,125,0
4801,2.68,224,218,6
4802,0.0,276,276,0
4803,2.46,244,238,6
4804,0.72,276,274,2
4805,1.9,316,310,6
4806,0.76,264,262,2
4807,1.48,271,267,4
4808,3.2,250,242,8
4809,1.54,260,256,4
4810,0.39,257,256,1
4811,3.09,97,94,3
4812,0.0,253,253,0
4813,1.43,280,276,4
4814,0.0,277,277,0
4815,3.9,205,197,8
4816,1.37,293,289,4
4817,0.84,239,237,2
4818,4.4,250,239,11
4819,1.49,269,265,4
4820,0.72,279,277,2
4821,1.17,257,254,3
4822,2.53,79,77,2
4823,1.46,343,338,5
4824,4.78,251,239,12
4825,0.0,281,281,0
4826,1.32,227,224,3
4827,0.0,280,280,0
4828,0.32,315,314,1
4829,1.09,274,271,3
4830,0.47,215,214,1
4831,0.81,246,244,2
4832,0.0,279,279,0
4833,0.0,94,94,0
4834,0.38,260,259,1
4835,0.49,205,204,1
4836,0.74,272,270,2
4837,1.58,317,312,5
4838,0.0,205,205,0
4839,1.83,273,268,5
4840,0.0,297,297,0
4841,1.77,226,222,4
4842,1.83,273,268,5
4843,0.0,297,297,0
4844,0.0,113,113,0
4845,1.77,226,222,4
4846,0.0,250,250,0
4847,0.0,229,229,0
4848,0.74,271,269,2
4849,0.0,243,243,0
4850,0.0,206,206,0
4851,0.0,262,262,0
4852,0.31,322,321,1
4853,2.91,206,200,6
4854,0.59,341,339,2
4855,7.41,81,75,6
4856,0.45,223,222,1
4857,0.33,306,305,1
4858,0.0,250,250,0
4859,0.4,253,252,1
4860,0.29,339,338,1
4861,2.58,194,189,5
4862,0.26,378,377,1
4863,1.09,276,273,3
4864,0.38,266,265,1
4865,1.25,319,315,4
4866,1.3,77,76,1
4867,0.0,299,299,0
4868,0.0,302,302,0
4869,2.26,310,303,7
4870,0.0,308,308,0
4871,2.23,314,307,7
4872,0.0,236,236,0
4873,1.82,274,269,5
4874,0.29,350,349,1
4875,0.29,340,339,1
4876,1.03,290,287,3
4877,90.62,64,6,58
4878,0.0,93,93,0
4879,0.0,318,318,0
4880,0.0,360,360,0
4881,0.94,320,317,3
4882,1.0,299,296,3
4883,0.8,249,247,2
4884,0.9,334,331,3
4885,2.27,308,301,7
4886,0.0,320,320,0
4887,1.74,288,283,5
4888,3.99,301,289,12
4889,0.0,136,136,0
4890,1.37,293,289,4
4891,0.0,246,246,0
4892,0.59,338,336,2
4893,0.68,296,294,2
4894,0.91,330,327,3
4895,0.29,339,338,1
4896,2.26,310,303,7
4897,0.0,361,361,0
4898,1.4,357,352,5
4899,0.0,258,258,0
4900,4.35,115,110,5
4901,0.63,318,316,2
4902,0.37,270,269,1
4903,0.32,313,312,1
4904,0.55,364,362,2
4905,0.31,322,321,1
4906,0.71,283,281,2
4907,1.87,321,315,6
4908,0.34,297,296,1
4909,1.75,286,281,5
4910,1.22,329,325,4
4911,0.0,95,95,0
4912,0.0,305,305,0
4913,2.53,277,270,7
4914,0.35,283,282,1
4915,0.0,277,277,0
4916,0.38,265,264,1
4917,0.0,295,295,0
4918,0.57,349,347,2
4919,0.59,338,336,2
4920,0.0,274,274,0
4921,0.0,151,151,0
4922,0.93,107,106,1
4923,96.94,98,3,95
4924,0.0,182,182,0
4925,0.0,88,88,0
4926,0.0,110,110,0
4927,0.0,68,68,0
4928,0.0,147,147,0
4929,1.52,132,130,2
4930,0.0,130,130,0
4931,0.0,106,106,0
4932,0.0,123,123,0
4933,0.61,163,162,1
4934,2.15,93,91,2
4935,0.0,133,133,0
4936,2.68,112,109,3
4937,0.61,165,164,1
4938,0.0,53,53,0
4939,0.0,222,222,0
4940,0.0,173,173,0
4941,1.28,156,154,2
4942,0.0,173,173,0
4943,1.28,156,154,2
4944,0.0,151,151,0
4945,0.0,159,159,0
4946,0.0,166,166,0
4947,1.95,154,151,3
4948,0.0,84,84,0
4949,0.47,215,214,1
4950,0.0,158,158,0
4951,0.97,207,205,2
4952,0.0,197,197,0
4953,1.57,191,188,3
4954,1.25,160,158,2
4955,46.81,141,75,66
4956,58.74,143,59,84
4957,0.0,183,183,0
4958,0.5,200,199,1
4959,0.0,48,48,0
4960,9.77,215,194,21
4961,0.88,228,226,2
4962,4.6,174,166,8
4963,0.0,160,160,0
4964,1.1,182,180,2
4965,0.0,149,149,0
4966,0.62,161,160,1
4967,0.0,179,179,0
4968,0.78,256,254,2
4969,1.54,195,192,3
4970,0.0,73,73,0
4971,1.02,197,195,2
4972,0.0,181,181,0
4973,0.0,193,193,0
4974,0.6,167,166,1
4975,3.72,215,207,8
4976,0.0,185,185,0
4977,0.65,155,154,1
4978,0.91,219,217,2
4979,1.4,214,211,3
4980,0.0,134,134,0
4981,0.0,156,156,0
4982,0.0,200,200,0
4983,0.47,212,211,1
4984,1.8,222,218,4
4985,0.0,236,236,0
4986,0.4,251,250,1
4987,0.0,274,274,0
4988,0.65,307,305,2
4989,0.46,217,216,1
4990,0.0,188,188,0
4991,1.16,173,171,2
4992,0.39,254,253,1
4993,1.22,245,242,3
4994,0.0,233,233,0
4995,2.62,191,186,5
4996,3.97,252,242,10
4997,7.02,171,159,12
4998,0.0,203,203,0
4999,0.63,158,157,1
5022,7.14,28,26,2
5023,0.0,32,32,0
5024,0.0,98,98,0
5025,0.58,347,345,2
5026,0.0,273,273,0
5027,0.44,226,225,1
5028,0.72,276,274,2
5029,2.25,267,261,6
5030,0.0,321,321,0
5031,0.73,273,271,2
5032,1.25,319,315,4
5033,2.03,296,290,6
5034,0.62,322,320,2
5035,2.73,110,107,3
5036,1.66,241,237,4
5037,0.0,227,227,0
5038,7.98,263,242,21
5039,0.0,264,264,0
5040,1.02,293,290,3
5041,2.3,217,212,5
5042,0.74,271,269,2
5043,0.0,265,265,0
5044,1.63,306,301,5
5045,0.41,243,242,1
5046,9.48,116,105,11
5047,1.68,298,293,5
5048,0.79,252,250,2
5049,1.1,273,270,3
5050,2.64,265,258,7
5051,0.0,323,323,0
5052,0.0,347,347,0
5053,0.0,321,321,0
5054,0.0,254,254,0
5055,0.94,213,211,2
5056,0.75,268,266,2
5057,0.0,121,121,0
5058,0.0,233,233,0
5059,0.78,255,253,2
5060,0.0,270,270,0
5061,0.37,273,272,1
5062,0.34,296,295,1
5063,1.62,309,304,5
5064,0.69,289,287,2
5065,2.36,296,289,7
5066,0.0,329,329,0
5067,0.27,367,366,1
5068,0.0,135,135,0
5069,0.35,286,285,1
5070,0.64,311,309,2
5071,3.28,396,383,13
5072,0.0,315,315,0
5073,2.78,216,210,6
5074,0.0,232,232,0
5075,1.11,361,357,4
5076,1.53,327,322,5
5077,1.03,290,287,3
5078,0.0,241,241,0
5079,0.76,131,130,1
5080,0.27,364,363,1
5081,0.71,282,280,2
5082,2.73,366,356,10
5083,0.0,145,145,0
5084,0.83,121,120,1
5085,1.42,141,139,2
5086,0.8,125,124,1
5087,0.0,40,40,0
5088,0.76,132,131,1
5089,1.4,143,141,2
5090,3.16,95,92,3
5091,3.38,148,143,5
5092,4.14,145,139,6
5093,13.33,120,104,16
5094,1.86,161,158,3
5095,3.8,158,152,6
5096,0.0,173,173,0
5097,0.0,114,114,0
5098,0.0,75,75,0
5099,0.65,155,154,1
5100,0.0,131,131,0
5101,0.0,167,167,0
5102,0.0,161,161,0
5103,0.64,156,155,1
5104,0.67,149,148,1
5105,0.56,177,176,1
5106,0.0,148,148,0
5107,0.0,140,140,0
5108,1.08,185,183,2
5109,0.0,72,72,0
5110,0.67,149,148,1
5111,0.0,135,135,0
5112,0.65,155,154,1
5113,1.71,175,172,3
5114,1.03,195,193,2
5115,1.62,185,182,3
5116,0.44,229,228,1
5117,1.41,142,140,2
5118,44.85,165,91,74
5119,0.0,173,173,0
5120,1.1,91,90,1
5121,0.57,175,174,1
5122,0.47,211,210,1
5123,0.45,221,220,1
5124,0.5,201,200,1
5125,1.23,244,241,3
5126,0.0,228,228,0
5127,0.61,164,163,1
5128,3.27,214,207,7
5129,0.0,242,242,0
5130,0.0,242,242,0
5131,0.0,112,112,0
5132,0.0,206,206,0
5133,0.0,227,227,0
5134,1.42,211,208,3
5135,6.09,230,216,14
5136,0.76,264,262,2
5137,1.56,257,253,4
5138,10.04,239,215,24
5139,1.6,250,246,4
5140,0.46,217,216,1
5141,0.0,250,250,0
5142,1.18,85,84,1
5143,1.96,204,200,4
5144,0.81,247,245,2
5145,0.66,304,302,2
5146,1.27,237,234,3
5147,0.0,253,253,0
5148,2.02,248,243,5
5149,0.66,304,302,2
5150,1.12,178,176,2
5151,0.34,295,294,1
5152,0.34,291,290,1
5153,5.06,79,75,4
5154,0.85,235,233,2
5155,1.52,264,260,4
5156,1.2,249,246,3
5157,0.98,205,203,2
5158,2.93,239,232,7
5159,1.47,273,269,4
5160,1.01,298,295,3
5161,0.0,192,192,0
5162,0.42,236,235,1
5163,1.11,270,267,3
5164,0.0,68,68,0
5165,1.03,291,288,3
5166,0.0,214,214,0
5167,0.0,224,224,0
5168,2.7,333,324,9
5169,2.7,333,324,9
5170,0.75,265,263,2
5171,0.38,266,265,1
5172,0.0,240,240,0
5173,0.88,341,338,3
5174,1.04,289,286,3
5175,0.0,351,351,0
5177,0.0,380,380,0
5178,69.52,315,96,219
5179,0.27,374,373,1
5180,33.23,322,215,107
5182,33.23,319,213,106
5184,92.5,40,3,37
5185,2.5,80,78,2
5186,0.0,73,73,0
5187,46.11,193,104,89
5188,0.59,170,169,1
5189,2.39,251,245,6
5190,0.47,211,210,1
5191,0.0,194,194,0
5192,1.03,290,287,3
5193,1.24,241,238,3
5194,0.0,264,264,0
5195,1.49,201,198,3
5196,2.97,303,294,9
5197,80.0,75,15,60
5198,1.38,290,286,4
5199,0.96,313,310,3
5200,0.4,248,247,1
5201,2.12,330,323,7
5202,0.84,238,236,2
5203,2.17,277,271,6
5204,0.87,230,228,2
5205,0.0,242,242,0
5206,1.67,300,295,5
5207,1.13,265,262,3
5208,0.83,121,120,1
5209,0.42,236,235,1
5210,0.0,183,183,0
5211,0.0,339,339,0
5212,0.43,232,231,1
5213,0.0,178,178,0
5214,0.9,221,219,2
5215,0.96,314,311,3
5216,1.88,320,314,6
5217,0.0,231,231,0
5218,4.28,304,291,13
5219,2.54,118,115,3
5220,1.09,276,273,3
5221,0.0,271,271,0
5222,0.0,271,271,0
5223,0.0,334,334,0
5224,0.32,313,312,1
5225,1.98,303,297,6
5226,1.43,280,276,4
5227,1.03,290,287,3
5228,1.37,291,287,4
5229,0.34,291,290,1
5230,2.67,75,73,2
5231,2.33,257,251,6
5232,0.32,315,314,1
5233,0.0,333,333,0
5234,1.32,227,224,3
5235,0.0,264,264,0
5236,0.0,311,311,0
5237,1.46,274,270,4
5238,1.62,247,243,4
5239,0.42,239,238,1
5240,0.32,314,313,1
5241,0.0,76,76,0
5242,0.66,301,299,2
5243,0.0,241,241,0
5244,0.0,388,388,0
5245,0.65,306,304,2
5246,0.93,214,212,2
5247,0.87,231,229,2
5248,0.76,262,260,2
5249,0.0,284,284,0
5250,0.0,268,268,0
5251,52.91,378,178,200
5252,0.0,110,110,0
5253,0.0,318,318,0
5254,0.65,308,306,2
5255,1.17,257,254,3
5256,0.72,278,276,2
5257,1.13,266,263,3
5258,42.76,283,162,121
5259,10.34,290,260,30
5260,1.91,262,257,5
5261,0.87,344,341,3
5262,0.66,304,302,2
5263,0.0,115,115,0
5264,0.39,257,256,1
5265,0.67,300,298,2
5266,1.1,273,270,3
5267,0.0,296,296,0
5268,0.32,313,312,1
5269,0.74,403,400,3
5270,0.0,320,320,0
5271,0.99,304,301,3
5272,0.69,290,288,2
5273,0.56,358,356,2
5274,0.79,126,125,1
5275,1.48,338,333,5
5276,0.55,364,362,2
5277,0.65,310,308,2
5278,0.43,233,232,1
5279,0.83,120,119,1
5280,6.94,72,67,5
5281,1.72,116,114,2
5282,0.0,147,147,0
5283,0.0,109,109,0
5284,6.47,170,159,11
5285,3.28,122,118,4
5286,0.0,115,115,0
5287,2.13,141,138,3
5288,0.88,114,113,1
5289,2.61,115,112,3
5290,2.61,115,112,3
5291,3.53,85,82,3
5292,0.72,139,138,1
5293,0.65,153,152,1
5294,1.2,166,164,2
5295,46.85,143,76,67
5296,0.67,150,149,1
5297,10.38,183,164,19
5298,0.0,125,125,0
5299,0.0,197,197,0
5300,0.0,111,111,0
5301,0.6,168,167,1
5302,0.0,68,68,0
5303,0.76,132,131,1
5304,1.2,166,164,2
5305,0.0,186,186,0
5306,88.81,134,15,119
5307,0.62,161,160,1
5308,0.0,149,149,0
5309,0.57,176,175,1
5310,1.49,134,132,2
5311,1.17,171,169,2
5312,1.17,171,169,2
5313,45.31,64,35,29
5314,6.72,134,125,9
5315,0.55,182,181,1
5316,0.51,195,194,1
5317,2.15,186,182,4
5318,1.59,189,186,3
5319,46.45,183,98,85
5320,0.0,159,159,0
5321,1.19,168,166,2
5322,2.24,134,131,3
5323,0.7,143,142,1
5324,4.48,67,64,3
5325,0.58,172,171,1
5326,0.0,184,184,0
5327,1.02,196,194,2
5328,0.66,152,151,1
5329,1.17,171,169,2
5330,0.0,150,150,0
5331,0.55,182,181,1
5332,1.59,189,186,3
5333,1.16,173,171,2
5334,2.2,182,178,4
5335,1.11,90,89,1
5336,2.75,255,248,7
5337,0.0,226,226,0
5338,1.75,171,168,3
5339,1.38,217,214,3
5340,0.0,215,215,0
5341,0.4,249,248,1
5342,0.49,205,204,1
5343,1.65,243,239,4
5344,0.0,208,208,0
5345,0.0,182,182,0
5346,2.22,90,88,2
5347,0.89,224,222,2
5348,0.93,215,213,2
5349,0.46,218,217,1
5350,1.15,262,259,3
5351,1.31,229,226,3
5352,3.28,274,265,9
5353,0.67,298,296,2
5354,0.0,204,204,0
5355,0.0,255,255,0
5356,0.0,255,255,0
5357,1.12,89,88,1
5358,0.0,260,260,0
5359,1.78,225,221,4
5360,1.61,248,244,4
5361,0.0,186,186,0
5362,0.61,326,324,2
5363,0.77,261,259,2
5364,1.03,290,287,3
5365,0.93,215,213,2
5366,0.0,265,265,0
5367,0.0,271,271,0
5376,0.0,12,12,0
5377,89.66,29,3,26
5378,0.0,101,101,0
5379,0.84,237,235,2
5380,0.76,263,261,2
5381,0.43,234,233,1
5382,0.6,331,329,2
5383,1.46,274,270,4
5384,0.0,328,328,0
5385,0.94,213,211,2
5386,0.75,267,265,2
5387,0.0,217,217,0
5388,0.0,356,356,0
5389,0.0,89,89,0
5390,0.0,356,356,0
5391,0.45,221,220,1
5392,0.37,269,268,1
5393,1.56,257,253,4
5394,0.87,231,229,2
5395,0.0,237,237,0
5396,2.53,237,231,6
5397,1.76,284,279,5
5398,1.36,294,290,4
5399,0.0,245,245,0
5400,2.25,89,87,2
5401,0.88,228,226,2
5402,0.36,280,279,1
5403,0.0,202,202,0
5404,1.06,282,279,3
5405,2.33,257,251,6
5406,1.27,316,312,4
5407,1.45,344,339,5
5408,0.35,283,282,1
5409,0.0,276,276,0
5410,2.68,261,254,7
5411,2.73,110,107,3
5412,0.0,228,228,0
5413,0.48,207,206,1
5414,0.41,245,244,1
5415,0.87,231,229,2
5416,0.0,216,216,0
5417,1.12,268,265,3
5418,0.69,289,287,2
5419,0.0,340,340,0
5420,0.4,247,246,1
5421,0.35,286,285,1
5422,5.36,112,106,6
5423,1.32,302,298,4
5424,0.91,331,328,3
5425,0.36,280,279,1
5426,0.0,225,225,0
5427,1.23,326,322,4
5428,0.37,271,270,1
5429,3.33,330,319,11
5430,0.0,340,340,0
5431,0.0,274,274,0
5432,1.18,340,336,4
5433,0.0,116,116,0
5434,2.08,384,376,8
5435,1.09,275,272,3
5436,2.49,361,352,9
5437,0.68,292,290,2
5438,0.0,285,285,0
5439,0.63,317,315,2
5440,0.0,295,295,0
5441,1.34,299,295,4
5442,0.63,319,317,2
5443,1.28,312,308,4
5444,0.0,107,107,0
5445,0.31,325,324,1
5446,0.35,285,284,1
5447,0.0,271,271,0
5448,1.36,294,290,4
5449,0.68,292,290,2
5450,1.28,312,308,4
5451,2.08,289,283,6
5452,1.5,333,328,5
5453,0.0,226,226,0
5454,0.0,330,330,0
5455,0.0,108,108,0
5456,1.72,290,285,5
5457,0.0,196,196,0
5458,1.19,335,331,4
5459,0.0,379,379,0
5460,0.32,315,314,1
5461,0.0,227,227,0
5462,2.05,293,287,6
5463,0.0,339,339,0
5464,0.0,256,256,0
5465,1.04,289,286,3
5466,2.83,106,103,3
5467,0.41,242,241,1
5468,2.13,282,276,6
5469,0.32,314,313,1
5470,0.68,294,292,2
5471,0.35,283,282,1
5472,1.01,296,293,3
5473,0.93,108,107,1
5474,0.0,102,102,0
5475,44.03,134,75,59
5476,0.0,112,112,0
5477,0.0,126,126,0
5478,0.63,159,158,1
5479,0.58,171,170,1
5480,0.0,141,141,0
5481,1.41,142,140,2
5482,4.13,121,116,5
5483,0.0,129,129,0
5484,1.64,61,60,1
5485,2.36,127,124,3
5486,0.6,166,165,1
5487,97.58,124,3,121
5488,1.8,167,164,3
5489,0.79,126,125,1
5490,0.0,118,118,0
5491,2.08,144,141,3
5492,0.0,129,129,0
5493,0.62,161,160,1
5494,1.36,147,145,2
5495,0.0,72,72,0
5496,10.68,206,184,22
5497,2.21,181,177,4
5498,0.65,154,153,1
5499,0.56,179,178,1
